-10.4986
-30.2582
-30.4921
-30.4921
-32.9613
-32.9613
-32.9613
-32.9613
-34.6543
-41.5578
-55.3038
-76.286
-80.4155
-80.4155
-80.4155
-81.2598
-81.2598
-81.2598
-81.2598
-83.4524
-89.8597
-89.8597
-89.8597
-89.8597
-89.8597
-89.8597
-89.8597
-89.8597
-98.504
-102.683
-109.565
-111.839
-123.379
-123.379
-130.576
-130.576
-130.576
-130.576
-130.576
-130.576
-130.576
-138.422
-139.527
-139.597
-139.597
-139.597
-139.597
-139.597
-139.597
-145.378
-145.807
-146.293
-146.293
-146.532
-146.532
-146.532
-151.891
-151.891
-151.891
-151.891
-151.891
-151.891
-151.891
-151.891
-154.229
-154.229
-154.229
-154.229
-154.229
-154.229
-154.229
-154.229
-154.229
-154.229
-156.757
-156.757
-156.757
-156.757
-156.757
-156.757
-156.757
-156.757
-156.757
-156.757
-156.757
-156.757
-165.751
-166.772
-166.772
-176.364
-176.364
-200.434
-200.434
-200.434
-200.434
-200.434
-201.407
-201.407
-201.407
-201.407
-201.675
-201.675
-201.675
-201.675
-201.675
-201.675
-201.675
-201.675
-201.675
-201.675
-201.675
-201.675
-201.675
-201.675
-201.675
-201.675
-201.675
-201.675
-202.358
-207.475
-207.475
-207.475
-207.475
-207.475
-207.475
-207.475
-207.631
-207.631
-207.631
-207.631
-207.631
-207.631
-207.631
-207.631
-207.631
-222.06
-222.06
-222.06
-222.06
-222.06
-222.06
-222.06
-222.06
-222.06
-235.016
-235.016
-235.016
-235.016
-235.016
-235.016
-235.016
-235.016
-235.016
-235.016
-235.016
-235.016
-235.016
-235.016
-235.016
-235.016
-235.016
-235.016
-235.872
-235.872
-235.872
-235.872
-237.804
-238.314
-243.272
-243.272
-243.272
-243.272
-243.272
-243.272
-243.272
-243.272
-243.272
-243.272
-243.272
-243.272
-243.272
-243.272
-246.449
-246.449
-246.449
-246.449
-246.449
-246.449
-246.449
-246.449
-246.449
-246.449
-246.449
-246.449
-254.795
-254.795
-254.795
-254.795
-254.795
-254.795
-254.795
-254.795
-254.795
-254.795
-254.795
-254.795
-254.795
-254.795
-254.795
-254.795
-256.796
-256.796
-256.796
-256.796
-256.796
-256.796
-256.796
-256.796
-256.796
-258.13
-260.287
-260.287
-260.287
-264.135
-264.135
-264.135
-264.135
-264.135
-264.135
-264.135
-264.135
-264.135
-264.135
-264.135
-264.135
-264.135
-264.135
-286.614
-286.614
-286.614
-287.189
-287.189
-289.504
-289.504
-289.504
-289.504
-289.504
-289.504
-289.504
-289.504
-289.504
-289.504
-289.504
-289.504
-289.504
-289.504
-289.504
-289.504
-289.504
-289.504
-289.504
-289.504
-289.504
-289.504
-289.504
-289.504
-289.504
-289.504
-289.504
-289.504
-289.504
-289.504
-289.504
-289.504
-289.504
-289.504
-293.299
-293.299
-293.299
-293.299
-293.299
-293.299
-293.299
-293.299
-293.299
-293.299
-293.299
-305.77
-305.77
-319.309
-319.309
-319.309
-319.309
-319.309
-319.309
-321.567
-321.567
-321.567
-321.567
-323.955
-323.955
-323.955
-323.955
-323.955
-323.955
-323.955
-323.955
-331.31
-331.31
-331.31
-331.31
-331.31
-331.31
-331.31
-331.31
-336.183
-336.183
-336.183
-336.183
-336.183
-336.183
-336.183
-336.183
-350.098
-351.742
-351.742
-351.742
-351.742
-352.44
-352.44
-352.44
-352.44
-352.44
-352.44
-352.44
-352.44
-352.44
-352.44
-352.44
-352.44
-352.44
-352.44
-352.44
-352.44
-355.633
-355.633
-355.633
-355.633
-355.633
-355.633
-355.633
-355.633
-355.633
-355.633
-355.633
-356.355
-356.355
-356.355
-357.001
-357.001
-357.001
-357.001
-357.001
-357.622
-357.622
-357.622
-357.622
-357.622
-366.72
-366.72
-366.72
-366.72
-366.72
-366.72
-366.72
-366.72
-366.72
-366.72
-366.72
-371.577
-371.577
-371.577
-371.577
-372.68
-372.68
-372.68
-372.68
-372.68
-372.68
-372.68
-372.68
-372.68
-372.68
-372.68
-372.68
-372.68
-372.68
-372.68
-372.68
-372.68
-372.68
-372.68
-372.68
-372.68
-372.68
-372.68
-372.68
-372.68
-372.68
-372.68
-372.68
-372.68
-372.68
-372.68
-372.68
-372.68
-372.68
-372.68
-372.68
-375.644
-375.644
-375.644
-375.644
-375.644
-375.644
-375.644
-375.644
-375.644
-375.644
-375.644
-375.644
-375.644
-375.644
-375.644
-375.644
-375.644
-375.644
-375.644
-375.644
-375.644
-375.644
-375.644
-375.644
-375.644
-375.644
-375.644
-375.644
-375.644
-375.644
-375.644
-375.644
-375.644
-375.644
-375.644
-375.644
-375.644
-375.644
-375.644
-375.644
-375.644
-375.644
-375.644
-375.644
-375.644
-375.644
-375.644
-375.644
-375.644
-375.644
-375.644
-375.644
-375.644
-375.644
-375.644
-375.644
-375.644
-375.644
-375.644
-375.644
-375.644
-375.644
-375.644
-375.644
-375.644
-375.644
-375.644
-375.644
-375.644
-375.644
-375.644
-375.644
-375.644
-375.644
-375.644
-375.644
-375.644
-375.644
-375.644
-375.644
-375.644
-375.644
-375.644
-375.644
-375.644
-375.644
-375.644
-375.644
-375.644
-375.644
-375.644
-375.644
-375.644
-375.644
-375.644
-375.644
-375.644
-375.644
-375.644
-375.644
-375.644
-375.644
-375.644
-375.644
-375.644
-375.644
-375.644
-375.644
-375.644
-375.644
-375.644
-375.644
-375.644
-375.644
-375.644
-375.644
-375.644
-375.644
-375.644
-375.644
-375.644
-375.644
-375.644
-375.644
-375.644
-375.644
-375.644
-375.644
-375.644
-375.644
-375.644
-375.644
-375.644
-375.644
-375.644
-375.644
-375.644
-375.644
-375.644
-375.644
-375.644
-375.644
-375.644
-375.644
-375.644
-375.644
-375.644
-375.644
-375.644
-375.644
-375.644
-375.644
-375.644
-375.644
-375.644
-375.644
-375.644
-375.644
-375.644
-375.644
-375.644
-375.644
-375.644
-375.644
-375.644
-375.644
-375.644
-375.644
-375.644
-375.644
-375.644
-375.644
-375.644
-375.644
-375.644
-375.644
-375.644
-375.644
-375.644
-375.644
-375.644
-375.644
-375.644
-375.644
-375.644
-375.644
-375.644
-375.644
-375.644
-375.644
-375.644
-375.644
-375.644
-375.644
-375.644
-375.644
-375.644
-375.644
-375.644
-375.644
-375.644
-375.644
-375.644
-375.644
-375.644
-375.644
-375.644
-375.644
-375.644
-375.644
-375.644
-375.644
-375.644
-375.644
-375.644
-375.644
-375.644
-375.644
-375.644
-375.644
-375.644
-375.644
-375.644
-375.644
-375.644
-375.644
-375.644
-375.644
-375.644
-375.644
-375.644
-375.644
-375.644
-375.644
-375.644
-375.644
-375.644
-375.644
-375.644
-375.644
-375.644
-375.644
-375.644
-375.644
-375.644
-375.644
-375.644
-375.644
-375.644
-375.644
-375.644
-375.644
-375.644
-375.644
-375.644
-375.644
-375.644
-375.644
-375.644
-375.644
-375.644
-375.644
-375.644
-375.644
-375.644
-375.644
-375.644
-375.644
-375.644
-375.644
-375.644
-375.644
-375.644
-375.644
-375.644
-375.644
-375.644
-375.644
-375.644
-375.644
-375.644
-375.644
-375.644
-375.644
-375.644
-375.644
-375.644
-375.644
-375.644
-375.644
-375.644
-375.644
-375.644
-375.644
-375.644
-375.644
-375.644
-375.644
-375.644
-375.644
-375.644
-375.644
-375.644
-375.644
-375.644
-375.644
-375.644
-375.644
-375.644
-375.644
-375.644
-375.644
-375.644
-375.644
-375.644
-375.644
-375.644
-375.644
-375.644
-375.644
-375.644
-375.644
-375.644
-375.644
-375.644
-375.644
-375.644
-375.644
-375.644
-375.644
-375.644
-375.644
-375.644
-375.644
-375.644
-375.644
-375.644
-375.644
-375.644
-375.644
-375.644
-375.644
-375.644
-375.644
-375.644
-375.644
-375.644
-375.644
-375.644
-375.644
-375.644
-375.644
-375.644
-375.644
-375.644
-375.644
-375.644
-375.644
-375.644
-375.644
-375.644
-375.644
-375.644
-375.644
-375.644
-375.644
-375.644
-375.644
-375.644
-375.644
-375.644
-375.644
-375.644
-375.644
-375.644
-375.644
-375.644
-375.644
-375.644
-375.644
-375.644
-375.644
-375.644
-375.644
-375.644
-375.644
-375.644
-375.644
-375.644
-375.644
-375.644
-375.644
-375.644
-375.644
-375.644
-375.644
-375.644
-375.644
-375.644
-375.644
-375.644
-375.644
-375.644
-375.644
-375.644
-375.644
-375.644
-375.644
-375.644
-375.644
-375.644
-375.644
-375.644
-375.644
-375.644
-375.644
-375.644
-375.644
-375.644
-375.644
-375.644
-375.644
-375.644
-375.644
-375.644
-375.644
-375.644
-375.644
-375.644
-375.644
-375.644
-375.644
-375.644
-375.644
-375.644
-375.644
-375.644
-375.644
-375.644
-375.644
-375.644
-375.644
-375.644
-375.644
-375.644
-375.644
-375.644
-375.644
-375.644
-375.644
-375.644
-375.644
-375.644
-375.644
-375.644
-375.644
-375.644
-375.644
-375.644
-375.644
-375.644
-375.644
-375.644
-375.644
-375.644
-375.644
-375.644
-375.644
-375.644
-375.644
-375.644
-375.644
-375.644
-375.644
-375.644
-375.644
-375.644
-375.644
-375.644
-375.644
-375.644
-375.644
-375.644
-375.644
-375.644
-375.644
-375.644
-375.644
-375.644
-375.644
-375.644
-375.644
-375.644
-375.644
-375.644
-375.644
-375.644
-375.644
-375.644
-375.644
-375.644
-375.644
-375.644
-375.644
-375.644
-375.644
-375.644
-375.644
-375.644
-375.644
-375.644
-375.644
-375.644
-375.644
-375.644
-375.644
-375.644
-375.644
-375.644
-375.644
-375.644
-375.644
-375.644
-375.644
-375.644
-375.644
-375.644
-375.644
-375.644
-375.644
-375.644
-375.644
-375.644
-375.644
-375.644
-375.644
-375.644
-375.644
-375.644
-375.644
-375.644
-375.644
-375.644
-375.644
-375.644
-375.644
-375.644
-375.644
-375.644
-375.644
-375.644
-375.644
-375.644
-375.644
-375.644
-375.644
-375.644
-375.644
-375.644
-375.644
-375.644
-375.644
-375.644
-375.644
-375.644
-375.644
-375.644
-375.644
-375.644
-375.644
-375.644
-375.644
-375.644
-375.644
-375.644
-375.644
-375.644
-375.644
-375.644
-375.644
-375.644
