-39.1646
-42.4226
-42.4226
-42.4226
-42.4226
-42.4226
-49.2927
-49.2927
-49.2927
-64.6794
-66.3093
-66.3093
-66.3093
-81.9143
-81.9143
-81.9143
-81.9143
-83.5025
-83.5025
-89.3461
-89.3461
-89.3461
-100.916
-100.916
-100.916
-100.916
-104.376
-104.376
-104.376
-126.916
-131.613
-131.613
-131.613
-138.441
-138.441
-138.441
-138.441
-138.441
-138.441
-138.441
-138.441
-138.441
-138.441
-138.441
-138.441
-138.441
-138.441
-138.441
-138.441
-138.441
-138.441
-138.441
-138.441
-138.441
-138.441
-138.441
-138.441
-138.441
-148.821
-148.821
-148.821
-148.821
-148.821
-148.821
-148.821
-148.821
-148.821
-148.821
-156.729
-173.409
-173.409
-173.409
-173.409
-176.501
-176.501
-176.501
-176.501
-176.501
-176.501
-176.501
-188.881
-188.881
-188.881
-188.881
-188.881
-188.881
-188.881
-188.881
-188.881
-188.881
-188.881
-192.376
-192.376
-192.376
-219.926
-219.926
-219.926
-219.926
-223.643
-223.643
-223.643
-223.643
-223.643
-223.643
-223.643
-223.643
-223.643
-223.643
-223.643
-223.643
-223.643
-223.643
-228.46
-228.46
-228.46
-230.944
-247.254
-247.254
-247.254
-247.254
-247.254
-247.254
-247.254
-247.254
-247.254
-247.254
-248.668
-248.668
-248.668
-248.668
-248.668
-248.668
-248.668
-248.668
-248.668
-248.668
-249.788
-249.788
-249.788
-249.788
-249.788
-249.788
-249.788
-249.788
-249.788
-249.788
-249.788
-249.788
-249.788
-249.788
-249.788
-249.788
-249.788
-249.788
-249.788
-249.788
-249.788
-249.788
-249.788
-249.788
-249.788
-257.761
-257.761
-257.761
-257.761
-257.761
-257.761
-257.761
-257.761
-257.761
-260.514
-260.514
-260.514
-260.514
-260.514
-260.514
-262.776
-262.776
-262.776
-262.776
-262.776
-262.776
-265.234
-265.234
-265.234
-269.116
-272.426
-274.735
-274.735
-274.735
-274.735
-274.735
-274.735
-274.735
-274.735
-274.735
-274.735
-274.735
-274.735
-274.735
-274.735
-274.735
-275.042
-275.042
-275.042
-275.042
-275.042
-275.042
-275.042
-275.042
-275.042
-275.042
-275.042
-275.042
-275.042
-275.042
-275.042
-275.042
-275.042
-275.042
-275.042
-287.558
-287.558
-287.558
-287.558
-287.558
-287.558
-287.558
-287.558
-287.558
-287.558
-287.558
-287.558
-287.558
-287.588
-302.487
-302.487
-302.487
-302.487
-302.487
-302.487
-302.487
-302.487
-302.487
-302.487
-302.487
-302.487
-302.487
-302.487
-302.487
-302.487
-302.487
-302.487
-302.487
-302.487
-302.487
-302.487
-302.487
-307.664
-307.664
-307.664
-307.664
-307.664
-307.664
-308.684
-308.684
-308.684
-308.684
-308.684
-308.684
-308.684
-308.684
-308.684
-308.684
-308.684
-313.301
-313.301
-320.866
-320.866
-320.866
-320.866
-320.866
-320.866
-320.866
-320.866
-320.866
-320.866
-320.866
-320.866
-320.866
-320.866
-320.866
-320.866
-320.866
-320.866
-320.866
-320.866
-320.866
-320.866
-320.866
-320.866
-320.866
-320.866
-320.866
-320.866
-320.866
-320.866
-330.161
-330.161
-330.161
-330.161
-330.161
-330.161
-333.801
-333.801
-333.801
-333.801
-333.801
-333.801
-333.801
-333.801
-333.801
-333.801
-333.801
-333.801
-333.801
-333.965
-334.2
-334.2
-334.2
-334.2
-334.2
-334.2
-334.2
-334.2
-334.2
-334.2
-334.2
-334.2
-334.2
-334.2
-334.2
-334.2
-334.2
-334.2
-334.2
-334.2
-334.2
-334.2
-334.2
-334.2
-334.2
-334.2
-334.2
-340.555
-340.555
-340.555
-340.555
-340.555
-340.555
-340.555
-340.555
-340.555
-340.555
-340.555
-340.555
-340.555
-340.555
-340.555
-340.555
-340.555
-340.555
-340.555
-340.555
-340.555
-352.979
-352.979
-352.979
-352.979
-352.979
-352.979
-352.979
-352.979
-352.979
-352.979
-352.979
-352.979
-353.208
-353.208
-353.208
-353.208
-353.208
-353.208
-353.208
-353.208
-353.208
-353.208
-353.208
-353.208
-353.208
-353.208
-353.208
-353.208
-353.208
-353.208
-353.208
-353.208
-353.208
-353.208
-353.718
-353.718
-353.718
-353.718
-353.718
-353.718
-353.718
-353.718
-353.718
-353.718
-353.718
-356.563
-356.563
-356.563
-356.563
-356.563
-356.563
-356.563
-356.563
-356.78
-356.78
-356.78
-356.78
-356.78
-356.78
-356.78
-356.78
-356.78
-356.78
-356.78
-356.78
-356.78
-356.78
-356.78
-364.962
-364.962
-364.962
-364.962
-364.962
-364.962
-374.459
-374.459
-374.459
-374.459
-374.459
-374.459
-374.459
-374.459
-374.459
-374.459
-374.459
-374.459
-374.459
-374.459
-374.459
-374.459
-374.459
-374.459
-374.459
-374.459
-374.459
-374.459
-374.459
-374.459
-374.459
-374.459
-374.459
-374.459
-374.459
-374.459
-374.459
-374.459
-374.459
-374.459
-374.459
-374.459
-374.459
-374.459
-374.459
-374.459
-374.459
-374.459
-374.459
-374.459
-374.459
-374.459
-374.459
-374.459
-374.459
-374.459
-374.459
-374.459
-374.459
-374.459
-374.459
-374.459
-376.553
-376.553
-376.553
-376.928
-376.928
-376.928
-376.928
-376.928
-376.928
-376.928
-376.928
-376.928
-376.928
-376.928
-376.928
-376.928
-376.928
-376.928
-376.928
-376.928
-376.928
-376.928
-376.928
-376.928
-376.928
-376.928
-376.928
-376.928
-376.928
-376.928
-376.928
-378.699
-378.699
-378.699
-378.699
-378.699
-378.699
-378.699
-378.699
-378.699
-378.699
-378.699
-378.699
-378.699
-378.699
-378.699
-378.699
-378.699
-378.699
-378.699
-378.699
-378.699
-378.699
-378.699
-378.699
-378.699
-378.699
-378.699
-378.699
-378.699
-378.699
-378.699
-378.699
-379.526
-379.526
-379.526
-379.526
-379.526
-379.526
-379.526
-379.526
-379.526
-383.023
-383.023
-383.023
-383.023
-383.023
-383.023
-383.023
-383.023
-383.023
-383.023
-383.023
-383.931
-383.931
-383.931
-383.931
-384.04
-384.04
-384.04
-384.04
-385.661
-385.661
-385.661
-385.661
-385.661
-385.661
-385.661
-385.661
-385.661
-385.661
-385.661
-385.661
-385.661
-385.661
-385.661
-385.661
-385.661
-385.661
-385.661
-385.661
-385.661
-385.661
-385.661
-385.661
-385.661
-385.661
-385.661
-385.661
-385.661
-385.661
-385.661
-385.661
-385.661
-385.661
-385.661
-385.661
-385.661
-385.661
-385.661
-385.661
-385.661
-385.661
-385.661
-385.661
-385.661
-385.661
-385.661
-385.661
-385.661
-385.661
-385.661
-385.661
-385.661
-385.661
-385.661
-385.661
-385.661
-385.661
-385.661
-385.661
-385.661
-385.661
-385.661
-385.661
-385.661
-385.661
-385.661
-385.661
-385.661
-385.661
-385.661
-385.661
-385.661
-385.661
-385.661
-385.661
-385.661
-385.661
-385.661
-385.661
-385.661
-385.661
-385.661
-385.661
-385.661
-385.661
-385.661
-385.661
-385.661
-385.661
-385.661
-385.661
-385.661
-385.661
-385.661
-385.661
-385.661
-385.661
-385.661
-385.661
-385.661
-385.661
-387.273
-387.273
-387.273
-387.273
-387.273
-387.273
-387.273
-387.273
-387.273
-387.273
-387.273
-387.273
-387.273
-387.273
-387.273
-387.273
-387.273
-387.273
-387.273
-387.273
-387.273
-387.273
-387.273
-387.273
-387.273
-387.273
-387.273
-387.273
-387.273
-387.273
-387.273
-387.273
-387.273
-387.273
-387.273
-387.273
-387.273
-387.273
-387.273
-387.273
-387.273
-387.273
-387.273
-387.273
-387.273
-387.273
-387.273
-387.273
-387.273
-387.273
-387.273
-387.273
-387.273
-387.273
-387.273
-387.273
-387.273
-387.273
-387.273
-387.273
-387.273
-387.273
-387.273
-387.273
-387.273
-387.273
-387.273
-387.273
-387.273
-387.273
-387.273
-387.273
-387.273
-387.273
-387.273
-387.273
-387.273
-387.273
-387.273
-387.273
-387.273
-387.273
-387.273
-387.273
-387.273
-387.273
-387.273
-387.273
-387.273
-387.273
-387.273
-387.273
-387.273
-387.273
-387.273
-387.273
-387.273
-387.273
-387.273
-387.273
-387.273
-387.273
-387.273
-387.273
-387.273
-387.273
-387.273
-387.273
-387.273
-387.273
-387.273
-387.273
-387.273
-387.273
-387.273
-387.273
-387.273
-387.273
-387.273
-387.273
-387.273
-387.273
-387.273
-387.273
-387.273
-387.273
-387.273
-387.273
-387.273
-387.273
-387.273
-387.273
-387.273
-387.273
-387.273
-387.273
-387.273
-387.273
-387.273
-387.273
-387.273
-387.273
-387.273
-387.273
-387.273
-387.273
-387.273
-387.273
-387.273
-387.273
-387.273
-387.273
-387.273
-387.273
-387.273
-387.273
-387.273
-387.273
-387.273
-387.273
-387.273
-387.273
-387.273
-387.273
-387.273
-387.273
-387.273
-387.273
-387.273
-387.273
-387.273
-387.273
-387.273
-387.273
-387.273
-387.273
-388.065
-388.065
-388.065
-388.065
-388.065
-388.065
-388.065
-388.065
-388.065
-388.065
-388.065
-388.065
-388.065
-388.065
-388.065
-388.065
-388.065
-388.065
-388.065
-388.065
-388.065
-388.065
-388.065
-388.065
-388.065
-389.232
-389.232
-389.232
-389.232
-389.232
-389.232
-389.232
-389.232
-389.232
-389.232
-389.232
-389.232
-389.232
-389.232
-389.232
-389.232
-389.232
-389.232
-389.232
-389.232
-389.232
-389.232
-389.232
-389.232
-389.232
-389.232
-389.232
-389.232
-389.232
-389.232
-389.232
-389.232
-389.232
-389.232
-389.232
-389.232
-389.232
-389.232
-389.232
-389.232
-389.232
-389.232
-389.232
-389.232
-389.232
-389.232
-389.232
-389.232
-389.232
-389.232
-389.232
-389.232
-389.232
-389.232
-389.232
-389.232
-389.232
-389.232
-389.232
-389.232
-389.232
-389.232
-392.374
-392.374
-392.374
-392.374
-392.374
-392.374
-392.374
-392.374
-392.374
-392.374
-392.374
-392.374
-392.374
-392.374
-394.963
-394.963
-394.963
-394.963
-394.963
-394.963
-394.963
-394.963
-394.963
-394.963
-394.963
-394.963
-394.963
-394.963
-394.963
-394.963
-394.963
-394.963
-394.963
-394.963
-394.963
-394.963
-394.963
-394.963
-394.963
