5.91601
5.91601
-4.28817
-4.28817
-29.485
-29.485
-31.6908
-44.9661
-50.6903
-59.5202
-59.5202
-59.5202
-59.5202
-59.5202
-62.3147
-63.0137
-63.0137
-72.3488
-74.9441
-74.9441
-84.8732
-84.8732
-84.8732
-87.2203
-87.6276
-87.6276
-90.9151
-97.5989
-97.5989
-114.343
-114.343
-116.572
-119.832
-122.421
-122.421
-122.421
-129.722
-129.722
-129.722
-132.106
-132.106
-132.106
-132.106
-132.106
-142.522
-142.522
-142.522
-142.522
-142.522
-142.522
-142.522
-142.522
-142.522
-143.757
-143.757
-143.757
-144.455
-144.455
-144.613
-144.613
-144.613
-144.613
-144.613
-144.613
-144.613
-157.645
-164.168
-174.952
-177.911
-177.911
-183.79
-183.79
-183.79
-183.79
-183.79
-197.197
-197.197
-197.197
-197.197
-205.364
-209.715
-211.217
-211.217
-211.217
-211.217
-211.217
-211.217
-211.217
-211.217
-211.217
-211.217
-211.217
-211.217
-211.217
-214.415
-214.415
-214.415
-221.329
-221.329
-221.329
-221.329
-223.085
-223.085
-223.085
-223.085
-223.085
-223.085
-223.085
-223.085
-223.085
-224.617
-225.164
-225.164
-225.164
-225.164
-225.164
-225.164
-229.681
-229.681
-232.364
-232.364
-232.364
-232.364
-232.364
-232.364
-232.364
-232.364
-232.364
-232.364
-232.364
-237.748
-237.748
-237.748
-237.748
-237.748
-237.748
-237.748
-237.748
-237.748
-237.748
-237.748
-237.748
-239.179
-247.171
-247.171
-247.171
-247.171
-247.171
-247.171
-247.171
-247.171
-247.171
-247.171
-247.171
-247.171
-247.171
-250.359
-250.359
-250.359
-250.359
-250.359
-250.359
-250.359
-250.359
-251.651
-251.651
-251.651
-251.651
-251.651
-251.651
-251.651
-251.651
-251.651
-251.651
-251.651
-251.651
-254.772
-254.772
-254.772
-254.772
-254.772
-256.386
-256.386
-256.386
-272.731
-279.607
-282.749
-282.749
-282.749
-282.749
-282.749
-282.749
-295.763
-300.827
-306.249
-306.249
-306.249
-306.249
-306.249
-315.931
-315.931
-315.931
-316.408
-316.408
-316.408
-316.408
-316.408
-316.408
-316.408
-316.408
-316.408
-316.408
-319.148
-319.148
-319.148
-319.148
-319.148
-319.148
-319.148
-319.148
-319.148
-319.148
-319.148
-319.148
-329.988
-329.988
-329.988
-329.988
-329.988
-329.988
-329.988
-329.988
-329.988
-329.988
-329.988
-329.988
-329.988
-329.988
-329.988
-329.988
-329.988
-329.988
-329.988
-329.988
-329.988
-329.988
-329.988
-329.988
-329.988
-329.988
-329.988
-329.988
-329.988
-329.988
-329.988
-329.988
-329.988
-329.988
-329.988
-329.988
-329.988
-329.988
-329.988
-329.988
-329.988
-329.988
-329.988
-329.988
-329.988
-329.988
-329.988
-329.988
-329.988
-329.988
-329.988
-329.988
-329.988
-329.988
-329.988
-329.988
-329.988
-329.988
-329.988
-329.988
-329.988
-329.988
-329.988
-329.988
-329.988
-329.988
-329.988
-329.988
-329.988
-329.988
-329.988
-329.988
-329.988
-329.988
-329.988
-329.988
-329.988
-329.988
-329.988
-329.988
-329.988
-329.988
-329.988
-329.988
-329.988
-329.988
-329.988
-329.988
-329.988
-329.988
-329.988
-329.988
-329.988
-329.988
-329.988
-329.988
-329.988
-329.988
-329.988
-329.988
-329.988
-329.988
-329.988
-329.988
-329.988
-329.988
-329.988
-329.988
-329.988
-329.988
-329.988
-329.988
-329.988
-329.988
-329.988
-329.988
-329.988
-329.988
-329.988
-329.988
-329.988
-329.988
-329.988
-329.988
-329.988
-329.988
-329.988
-329.988
-329.988
-329.988
-329.988
-329.988
-329.988
-329.988
-329.988
-329.988
-329.988
-329.988
-329.988
-329.988
-329.988
-329.988
-329.988
-329.988
-329.988
-329.988
-329.988
-329.988
-329.988
-329.988
-329.988
-329.988
-329.988
-329.988
-329.988
-329.988
-329.988
-329.988
-329.988
-329.988
-329.988
-329.988
-329.988
-329.988
-329.988
-329.988
-329.988
-329.988
-329.988
-329.988
-329.988
-329.988
-329.988
-332.215
-332.215
-332.215
-332.215
-332.215
-332.215
-332.215
-332.215
-332.215
-332.215
-332.215
-332.215
-332.215
-332.215
-332.215
-332.215
-332.215
-332.215
-332.215
-332.215
-332.215
-332.215
-332.215
-332.215
-332.215
-332.215
-332.215
-332.215
-332.215
-332.215
-332.215
-332.215
-332.215
-332.215
-332.215
-332.215
-332.215
-332.215
-332.215
-332.847
-332.847
-332.847
-334.8
-334.8
-334.8
-334.8
-334.8
-334.852
-334.852
-334.852
-334.852
-334.852
-340.339
-340.339
-345.467
-345.467
-345.467
-345.467
-345.467
-345.467
-345.467
-345.467
-345.467
-345.467
-345.467
-345.467
-345.467
-345.467
-345.467
-345.467
-345.467
-345.467
-345.467
-345.467
-345.467
-345.467
-345.467
-345.467
-345.467
-345.467
-345.467
-345.467
-345.467
-345.467
-345.467
-345.467
-345.467
-345.467
-345.467
-345.467
-345.467
-345.467
-345.467
-345.467
-345.467
-345.467
-345.467
-345.467
-345.467
-345.467
-345.467
-345.467
-345.467
-345.467
-345.467
-345.467
-345.467
-345.467
-345.467
-345.467
-345.467
-345.467
-345.467
-345.467
-345.467
-345.467
-345.467
-345.467
-345.467
-345.467
-345.467
-345.467
-345.467
-345.467
-345.467
-345.467
-345.467
-345.467
-345.467
-345.467
-345.467
-345.467
-345.467
-345.467
-345.467
-345.467
-345.467
-345.467
-345.467
-345.467
-345.467
-345.467
-345.467
-345.467
-345.467
-345.467
-345.467
-345.467
-345.467
-345.467
-345.467
-345.467
-345.467
-345.467
-345.467
-345.467
-345.467
-345.467
-345.467
-345.467
-345.467
-345.467
-345.467
-345.467
-345.467
-345.467
-345.467
-345.467
-345.467
-345.467
-345.467
-345.467
-345.467
-345.467
-345.467
-345.467
-345.467
-345.467
-345.467
-345.467
-345.467
-345.467
-345.467
-345.467
-345.467
-345.467
-345.467
-345.467
-345.467
-345.467
-345.467
-345.467
-345.467
-345.467
-345.467
-345.467
-345.467
-345.467
-345.467
-345.467
-345.467
-345.467
-345.467
-345.467
-345.467
-345.467
-345.467
-345.467
-345.467
-345.467
-345.467
-345.467
-345.467
-345.467
-345.467
-345.467
-345.467
-345.467
-345.467
-345.467
-345.467
-347.625
-347.625
-347.625
-347.625
-347.625
-347.625
-347.625
-359.883
-359.883
-359.883
-359.883
-359.883
-359.883
-359.883
-359.883
-359.883
-359.883
-360.719
-360.719
-360.719
-360.719
-360.719
-360.719
-360.719
-362.616
-362.616
-362.616
-362.616
-362.616
-362.616
-362.616
-362.616
-362.616
-362.616
-362.616
-362.616
-362.616
-362.616
-362.616
-362.616
-362.616
-362.616
-362.616
-362.616
-362.616
-362.616
-362.616
-362.616
-362.616
-362.616
-362.616
-362.616
-362.616
-362.616
-362.616
-362.616
-362.616
-362.616
-362.616
-362.616
-362.616
-362.616
-362.616
-362.616
-362.616
-362.616
-362.616
-362.616
-362.616
-362.616
-362.616
-362.616
-362.616
-362.616
-364.357
-364.357
-364.357
-364.357
-364.357
-364.357
-364.357
-364.357
-364.357
-364.357
-364.357
-364.357
-364.357
-364.357
-364.357
-364.357
-364.357
-364.357
-364.357
-364.357
-364.357
-364.357
-364.357
-367.488
-367.488
-367.488
-367.488
-367.488
-367.488
-367.488
-367.488
-367.488
-367.488
-367.488
-367.488
-367.488
-367.488
-367.488
-367.488
-367.488
-367.488
-367.488
-367.488
-367.488
-367.488
-367.488
-367.488
-367.488
-367.488
-367.488
-367.488
-367.488
-367.488
-367.488
-367.488
-367.488
-367.488
-367.488
-367.488
-367.488
-367.488
-367.488
-367.488
-367.488
-367.488
-367.488
-367.488
-367.488
-367.488
-367.488
-367.488
-367.488
-367.488
-367.488
-367.488
-367.488
-367.488
-367.488
-367.488
-367.488
-367.488
-367.488
-367.488
-367.488
-367.488
-367.488
-367.488
-367.488
-367.488
-367.488
-367.488
-367.488
-367.488
-367.488
-367.488
-367.488
-367.488
-367.488
-367.488
-367.541
-367.541
-367.541
-367.541
-367.541
-367.541
-367.541
-367.541
-367.541
-367.541
-367.541
-367.541
-367.541
-367.541
-367.541
-367.541
-367.541
-367.541
-367.541
-367.541
-367.541
-367.541
-367.541
-367.541
-367.541
-367.541
-367.541
-367.541
-367.541
-367.541
-367.541
-367.541
-367.541
-367.541
-367.541
-367.541
-367.541
-367.541
-367.541
-367.541
-367.541
-367.541
-367.541
-367.541
-367.541
-367.541
-367.541
-367.541
-367.541
-367.541
-367.541
-367.541
-367.541
-367.541
-367.541
-373.092
-373.092
-373.092
-373.092
-373.092
-373.092
-373.092
-373.092
-373.092
-373.092
-373.092
-373.092
-373.092
-373.092
-373.092
-373.092
-373.092
-373.092
-373.092
-373.092
-373.092
-373.092
-373.092
-373.216
-373.216
-373.216
-373.216
-373.216
-373.216
-375.844
-375.844
-375.844
-375.844
-375.844
-375.844
-375.844
-375.844
-375.844
-375.844
-375.844
-375.844
-375.844
-375.844
-375.844
-375.844
-375.844
-375.844
-375.844
-375.844
-375.844
-375.844
-375.844
-375.844
-375.844
-375.844
-379.368
-379.368
-379.368
-379.368
-379.368
-379.368
-379.368
-379.368
-379.368
-379.368
-379.368
-379.368
-379.368
-379.368
-379.368
-379.368
-379.368
-379.368
-379.368
-379.368
-379.368
-379.368
-379.368
-379.368
-379.368
-379.368
-379.368
-379.368
-379.368
-379.368
-379.368
-379.368
-379.368
-379.368
-379.368
-379.368
-379.368
-379.368
-379.368
-379.368
-384.107
-384.107
-384.107
-384.107
-384.107
-384.107
-384.107
-384.107
-384.107
-384.107
-384.107
-384.107
-384.107
-384.107
-384.107
-384.107
-384.107
-384.107
-384.107
-384.107
-384.107
-384.107
-384.107
-384.107
-384.107
-384.107
-384.107
-384.107
-384.107
-384.107
-384.107
-384.107
-384.107
-384.107
-384.107
-384.107
-384.107
-384.107
-384.107
-384.107
-384.107
-384.107
-384.107
-384.107
-384.107
-384.107
-384.107
-384.107
-384.107
-384.107
-384.107
-384.107
-384.107
-384.107
-384.107
-384.107
-384.107
-384.107
-384.107
