-22.1403
-22.1403
-22.1403
-40.4332
-44.7231
-45.6588
-45.6588
-60.9282
-60.9282
-63.0543
-64.3639
-64.3639
-64.3639
-64.3639
-64.3639
-64.3639
-64.3639
-64.3639
-64.3639
-64.3639
-64.3639
-64.3639
-71.3436
-71.3436
-71.3436
-71.3436
-71.3436
-71.3436
-88.4298
-88.4298
-88.4298
-88.4298
-88.4298
-88.4298
-88.4298
-97.5805
-102.361
-102.361
-102.361
-106.118
-123.504
-123.504
-123.504
-123.504
-123.504
-133.585
-133.585
-133.585
-139.112
-142.206
-142.206
-142.206
-142.206
-142.206
-142.206
-142.206
-142.206
-142.206
-142.206
-142.206
-142.206
-142.206
-142.206
-142.206
-157.405
-157.405
-163.557
-163.557
-175.02
-179.574
-179.574
-179.574
-179.574
-179.574
-187.53
-187.53
-187.53
-187.53
-187.53
-187.53
-187.53
-187.53
-187.53
-187.53
-187.53
-187.53
-187.53
-187.53
-187.53
-187.53
-187.53
-187.53
-187.53
-187.53
-191.984
-191.984
-191.984
-191.984
-191.984
-191.984
-191.984
-191.984
-191.984
-191.984
-191.984
-191.984
-191.984
-191.984
-191.984
-191.984
-191.984
-196.106
-196.106
-196.106
-196.106
-196.106
-196.106
-196.106
-196.106
-196.106
-196.106
-196.106
-198.541
-198.541
-198.541
-213.922
-213.922
-225.55
-225.55
-225.55
-229.109
-229.109
-229.109
-229.109
-229.109
-229.626
-238.219
-238.219
-238.219
-238.219
-238.219
-238.219
-238.219
-238.219
-238.219
-238.219
-238.219
-238.219
-238.219
-238.219
-238.219
-238.219
-238.219
-238.219
-238.219
-243.48
-243.48
-243.48
-243.48
-243.48
-243.48
-244.36
-247.007
-247.007
-247.007
-247.007
-249.511
-249.511
-249.511
-249.511
-254.757
-254.757
-256.685
-256.685
-256.685
-256.685
-256.685
-256.685
-256.685
-256.957
-257.601
-257.601
-257.601
-262.951
-262.951
-262.951
-262.951
-262.951
-262.951
-266.685
-266.938
-266.938
-266.938
-266.938
-266.938
-266.938
-266.938
-266.938
-268.367
-268.367
-268.367
-268.367
-268.367
-269.762
-269.762
-273.644
-273.644
-281.125
-281.125
-281.125
-281.125
-283.708
-294.179
-294.179
-294.179
-294.179
-294.179
-294.179
-294.179
-298.162
-298.162
-298.162
-298.162
-298.162
-298.162
-298.162
-298.162
-308.304
-308.304
-308.304
-308.304
-308.304
-308.304
-308.304
-308.304
-311.16
-311.16
-311.16
-311.16
-311.16
-311.16
-311.16
-311.16
-311.16
-311.16
-311.16
-312.861
-312.861
-312.861
-312.861
-312.861
-320.552
-320.552
-320.552
-330.424
-330.424
-330.424
-330.424
-330.424
-330.424
-330.424
-330.424
-330.424
-330.424
-330.424
-330.424
-330.424
-330.424
-330.424
-330.424
-330.424
-330.424
-330.424
-330.424
-330.424
-330.424
-330.424
-330.424
-330.424
-330.424
-330.424
-330.424
-330.424
-330.424
-330.424
-330.424
-330.424
-330.424
-330.424
-330.424
-330.424
-330.424
-330.424
-330.424
-330.424
-330.424
-330.424
-330.424
-330.424
-330.424
-330.424
-330.424
-330.424
-330.424
-330.424
-330.424
-330.424
-330.424
-330.424
-330.424
-330.424
-330.424
-330.424
-330.424
-330.424
-330.424
-330.424
-330.424
-330.424
-330.424
-331.825
-331.825
-331.825
-331.825
-331.825
-331.825
-331.825
-331.825
-331.825
-331.825
-331.825
-331.825
-331.825
-331.825
-331.825
-331.825
-331.825
-331.825
-331.825
-331.825
-331.825
-331.825
-331.825
-344.096
-344.096
-344.096
-344.096
-344.096
-344.096
-344.096
-344.096
-344.096
-344.096
-344.096
-344.096
-344.096
-344.096
-344.096
-344.096
-344.096
-344.096
-344.096
-344.096
-344.096
-344.096
-344.096
-344.096
-344.096
-344.096
-344.096
-344.096
-344.096
-344.096
-344.096
-344.096
-344.096
-344.096
-344.096
-344.096
-344.096
-344.096
-344.096
-344.096
-344.096
-344.096
-344.096
-344.096
-344.096
-344.096
-344.096
-344.096
-344.096
-344.096
-344.096
-344.096
-344.096
-344.096
-344.096
-344.096
-344.096
-344.096
-344.096
-344.096
-344.096
-344.096
-348.885
-348.885
-348.885
-348.885
-348.885
-348.885
-348.885
-348.885
-348.885
-348.885
-348.885
-348.885
-348.885
-348.885
-348.885
-348.885
-348.885
-348.885
-348.885
-348.885
-348.885
-348.885
-348.885
-348.885
-348.885
-348.885
-348.885
-348.885
-348.885
-348.885
-348.885
-348.885
-349.055
-349.055
-349.055
-349.055
-349.055
-349.055
-349.055
-349.055
-349.055
-349.055
-349.055
-349.055
-349.055
-349.055
-349.055
-349.055
-349.055
-349.055
-349.055
-354.983
-354.983
-354.983
-354.983
-354.983
-354.983
-354.983
-354.983
-354.983
-354.983
-354.983
-354.983
-354.983
-354.983
-354.983
-354.983
-354.983
-354.983
-354.983
-354.983
-354.983
-354.983
-354.983
-354.983
-354.983
-354.983
-354.983
-354.983
-354.983
-354.983
-354.983
-354.983
-354.983
-354.983
-354.983
-354.983
-354.983
-355.569
-355.569
-355.569
-355.569
-355.569
-355.569
-355.569
-355.569
-355.569
-355.569
-355.569
-355.569
-355.569
-355.569
-355.569
-355.569
-355.569
-355.569
-355.569
-355.569
-355.569
-355.569
-355.569
-355.569
-355.569
-355.569
-355.569
-355.569
-355.569
-355.569
-355.569
-355.569
-355.569
-355.569
-355.569
-355.569
-355.569
-355.569
-355.569
-355.569
-355.569
-355.569
-355.569
-355.569
-355.569
-355.569
-355.569
-361.274
-361.274
-361.274
-361.274
-361.274
-361.274
-361.274
-361.274
-361.274
-361.274
-361.274
-361.274
-361.274
-361.274
-361.274
-361.274
-361.274
-361.274
-361.707
-361.707
-361.707
-361.707
-361.707
-361.707
-371.019
-371.019
-371.019
-371.019
-371.019
-371.019
-371.019
-371.019
-371.246
-371.246
-371.246
-371.246
-371.246
-371.246
-371.246
-371.246
-371.246
-371.246
-371.246
-371.246
-371.246
-371.246
-371.246
-371.246
-371.246
-371.246
-371.246
-371.246
-371.246
-371.246
-371.246
-371.246
-371.246
-371.246
-371.246
-371.246
-371.246
-371.246
-371.246
-371.246
-371.246
-371.246
-371.246
-371.246
-371.246
-371.246
-371.246
-371.246
-371.246
-371.246
-371.246
-371.246
-371.246
-371.246
-371.246
-371.246
-371.246
-371.246
-371.246
-371.246
-371.246
-371.246
-371.246
-371.246
-371.246
-371.246
-371.246
-371.246
-371.246
-371.246
-371.246
-371.246
-371.246
-371.246
-371.246
-371.246
-371.246
-371.246
-371.246
-371.246
-374.037
-374.037
-374.037
-374.037
-374.037
-374.037
-374.037
-374.037
-374.037
-374.037
-374.037
-374.037
-374.037
-374.037
-374.037
-374.037
-374.037
-374.037
-374.037
-374.037
-374.037
-374.037
-374.037
-374.037
-374.037
-374.037
-374.037
-374.037
-374.037
-374.037
-374.037
-374.037
-374.037
-374.037
-374.037
-374.037
-374.037
-374.037
-374.037
-374.037
-374.037
-374.037
-374.037
-374.037
-374.037
-374.037
-374.037
-374.037
-374.037
-374.037
-374.037
-374.037
-374.037
-374.037
-374.037
-374.037
-374.037
-374.037
-374.037
-374.037
-374.037
-374.037
-374.037
-374.037
-374.037
-374.037
-374.037
-374.037
-374.037
-374.037
-374.037
-374.037
-374.037
-374.037
-374.037
-374.037
-374.037
-374.037
-374.037
-374.037
-374.037
-374.037
-374.037
-374.037
-374.037
-374.037
-374.037
-374.037
-374.037
-374.037
-374.037
-374.037
-374.037
-374.037
-374.037
-374.037
-374.037
-374.037
-374.037
-374.037
-374.037
-374.037
-374.037
-374.037
-374.037
-374.037
-374.037
-374.037
-374.037
-374.037
-374.037
-374.037
-374.037
-374.037
-374.037
-374.037
-374.037
-374.037
-374.037
-374.037
-374.037
-374.037
-374.037
-374.037
-374.037
-374.037
-374.037
-374.037
-374.037
-374.037
-374.037
-374.037
-374.037
-374.037
-374.037
-374.037
-374.037
-374.037
-374.037
-374.037
-374.037
-374.037
-374.037
-374.037
-374.037
-374.037
-374.037
-374.037
-374.037
-374.037
-374.037
-374.037
-374.037
-374.037
-374.037
-374.037
-374.037
-374.037
-374.037
-374.037
-374.037
-374.037
-374.037
-374.037
-374.037
-374.037
-374.037
-374.037
-374.037
-374.037
-374.037
-374.037
-374.037
-374.037
-374.037
-374.037
-374.037
-374.037
-374.037
-374.037
-374.037
-374.037
-374.037
-374.037
-374.037
-374.037
-374.037
-374.037
-374.037
-374.037
-374.037
-374.037
-374.037
-374.037
-374.037
-374.037
-374.037
-374.037
-374.037
-374.037
-374.037
-374.037
-374.037
-374.037
-374.037
-374.037
-374.037
-374.037
-374.037
-374.037
-374.037
-374.037
-374.037
-374.037
-374.037
-374.037
-374.037
-374.037
-374.037
-374.037
-374.037
-374.037
-374.037
-374.037
-374.037
-374.037
-374.037
-374.037
-374.037
-374.037
-374.037
-374.037
-374.037
-374.037
-374.037
-374.037
-374.037
-374.037
-374.037
-374.037
-374.037
-374.037
-374.037
-374.037
-374.037
-374.037
-374.037
-374.037
-374.037
-374.037
-374.037
-374.037
-374.037
-374.037
-374.037
-374.037
-374.037
-374.037
-374.037
-374.037
-374.037
-374.037
-374.037
-374.037
-374.037
-374.037
-374.037
-374.037
-374.037
-374.037
-374.037
-374.037
-374.037
-374.037
-374.037
-374.037
-374.037
-374.037
-374.037
-374.037
-374.037
-374.037
-374.037
-374.037
-374.037
-374.037
-374.037
-374.037
-374.037
-374.037
-374.037
-374.037
-374.037
-374.037
-374.037
-374.037
-374.037
-374.037
-374.037
-374.037
-374.037
-374.037
-374.037
-374.037
-374.037
-374.037
-374.037
-374.037
-374.037
-374.037
-374.037
-374.037
-374.037
-374.037
-374.037
-374.037
-374.037
-374.037
-374.037
-374.037
-374.037
-374.037
-374.037
-374.037
-374.037
-374.037
-374.037
-374.037
-374.037
-374.037
-374.037
-374.037
-374.037
-374.037
-374.037
-374.037
-374.037
-374.037
-374.037
-374.037
-374.037
-374.037
-374.037
-374.037
-374.037
-374.037
-374.037
-374.037
-374.037
-374.037
-374.037
-374.037
-374.037
-374.037
-374.037
-374.037
