-35.8971
-35.8971
-35.8971
-35.8971
-35.8971
-42.6936
-42.6936
-42.6936
-54.344
-54.344
-54.344
-54.344
-55.1639
-64.8392
-71.8893
-71.8893
-71.8893
-87.3092
-87.3092
-87.3092
-101.902
-101.902
-101.902
-101.902
-101.902
-101.902
-101.902
-101.902
-115.91
-115.91
-120.322
-138.632
-144.967
-144.967
-144.967
-146.548
-146.548
-146.548
-146.548
-146.548
-146.548
-146.548
-146.548
-146.548
-150.821
-150.821
-150.821
-150.821
-150.821
-150.821
-152.252
-152.252
-152.252
-155.531
-155.531
-155.531
-165.376
-165.376
-165.376
-165.376
-165.376
-168.879
-168.879
-180.624
-180.624
-201.63
-201.63
-201.63
-201.63
-201.63
-201.63
-201.63
-210.606
-210.606
-210.606
-213.603
-213.603
-213.603
-213.762
-213.762
-213.762
-213.762
-218.197
-218.197
-218.197
-218.197
-218.197
-218.197
-219.762
-219.762
-226.696
-226.696
-226.696
-226.696
-241.821
-241.821
-241.821
-245.536
-245.536
-245.536
-245.536
-245.536
-245.536
-258.117
-258.117
-258.117
-258.117
-258.117
-258.117
-258.117
-258.117
-258.117
-258.117
-258.117
-258.117
-258.117
-258.117
-258.117
-258.117
-258.117
-258.117
-258.117
-258.117
-258.117
-258.117
-258.117
-258.117
-265.045
-265.045
-265.045
-269.866
-269.866
-279.51
-279.51
-279.51
-279.51
-279.51
-279.51
-279.51
-279.51
-279.51
-279.51
-279.51
-282.113
-282.113
-282.113
-282.113
-282.113
-282.113
-282.113
-282.113
-282.113
-282.113
-282.113
-282.113
-282.113
-286.064
-286.064
-286.064
-286.064
-286.064
-286.064
-286.064
-286.064
-286.064
-286.064
-286.064
-288.354
-288.354
-293.34
-293.34
-293.34
-293.34
-293.34
-293.34
-293.34
-293.34
-293.34
-293.34
-293.34
-293.34
-300.565
-300.565
-300.565
-300.565
-300.565
-300.565
-300.565
-300.565
-300.565
-300.565
-300.565
-300.565
-300.565
-301.73
-301.73
-301.73
-301.73
-301.73
-301.73
-301.73
-301.73
-301.73
-301.73
-301.73
-301.73
-301.73
-301.73
-301.73
-301.73
-301.73
-301.73
-301.73
-301.73
-301.73
-301.73
-302.571
-302.571
-302.571
-302.571
-302.571
-302.571
-302.571
-302.571
-302.571
-302.571
-302.571
-302.571
-302.571
-302.571
-302.571
-302.571
-302.571
-302.571
-302.571
-302.571
-302.571
-302.571
-302.571
-303.058
-303.058
-304.06
-304.06
-304.06
-304.06
-304.06
-307.049
-307.049
-307.049
-307.049
-307.049
-307.049
-307.049
-307.049
-307.049
-307.049
-307.049
-307.049
-307.049
-307.049
-307.049
-307.049
-307.049
-307.049
-307.049
-307.049
-307.049
-307.049
-307.049
-307.049
-307.049
-307.049
-307.049
-317.574
-317.574
-317.574
-317.574
-317.574
-317.574
-317.574
-317.574
-317.574
-317.574
-317.574
-317.574
-317.574
-317.574
-317.574
-317.574
-317.574
-317.574
-317.574
-317.574
-317.574
-317.574
-317.574
-317.574
-317.574
-317.574
-317.574
-317.574
-317.574
-317.574
-317.574
-317.574
-317.574
-317.574
-317.574
-317.574
-317.574
-317.574
-335.054
-335.054
-335.054
-335.054
-335.054
-335.054
-335.054
-335.054
-335.054
-335.054
-335.054
-335.054
-335.054
-335.054
-335.054
-335.054
-335.054
-335.054
-335.054
-335.054
-335.807
-335.807
-335.807
-335.807
-335.807
-335.807
-335.807
-335.807
-335.807
-335.807
-335.807
-335.807
-335.807
-335.807
-335.807
-335.807
-335.807
-335.807
-335.807
-335.807
-335.807
-335.807
-335.807
-335.807
-335.807
-335.807
-335.807
-335.807
-335.807
-335.807
-335.807
-335.807
-335.807
-335.807
-335.807
-335.807
-335.807
-335.807
-335.807
-335.807
-335.807
-335.807
-335.807
-335.807
-335.807
-335.807
-335.807
-335.807
-335.807
-335.807
-335.807
-335.807
-335.807
-335.807
-335.807
-335.807
-335.807
-335.807
-335.807
-335.807
-335.807
-335.807
-335.807
-335.807
-335.807
-335.807
-335.807
-335.807
-335.807
-335.807
-335.807
-335.807
-335.807
-335.807
-335.807
-335.807
-335.807
-335.807
-335.807
-335.807
-335.807
-335.807
-335.807
-335.807
-335.807
-335.807
-335.807
-335.807
-335.807
-335.807
-335.807
-335.807
-335.807
-335.807
-335.807
-335.807
-335.87
-335.87
-335.87
-335.87
-335.87
-335.87
-335.87
-335.87
-335.87
-335.87
-335.87
-335.87
-335.87
-335.87
-335.87
-335.87
-335.87
-335.87
-335.87
-335.87
-335.87
-335.87
-335.87
-335.87
-335.87
-335.87
-335.87
-335.87
-335.87
-335.87
-335.87
-335.87
-335.87
-335.87
-335.87
-335.87
-335.87
-335.87
-335.87
-335.87
-335.87
-335.87
-335.87
-335.87
-335.87
-335.87
-335.87
-335.87
-335.87
-335.87
-335.87
-335.87
-335.87
-338.633
-338.633
-338.633
-338.633
-338.633
-338.633
-338.633
-338.633
-338.633
-338.633
-338.633
-338.633
-338.633
-338.633
-338.633
-338.633
-338.633
-338.633
-338.633
-338.633
-338.633
-338.633
-338.633
-338.633
-338.633
-338.633
-338.633
-338.633
-338.633
-338.633
-338.633
-338.633
-338.633
-338.633
-338.633
-338.633
-338.633
-338.633
-338.633
-338.633
-338.633
-338.633
-338.633
-338.633
-338.633
-338.633
-338.633
-338.633
-338.633
-338.633
-338.633
-338.633
-338.633
-338.633
-338.633
-338.633
-340.7
-340.7
-340.7
-340.7
-340.7
-340.7
-340.7
-340.7
-340.7
-340.7
-340.7
-340.7
-340.7
-340.7
-340.7
-340.7
-340.7
-340.7
-340.7
-340.7
-340.7
-340.7
-340.7
-340.7
-340.7
-340.7
-340.7
-340.7
-340.7
-340.7
-340.7
-340.7
-340.7
-340.7
-340.7
-340.7
-340.7
-340.7
-340.7
-340.7
-340.7
-340.7
-340.7
-340.7
-341.236
-341.236
-341.236
-341.236
-341.236
-341.236
-341.236
-341.236
-341.236
-341.236
-341.236
-341.236
-341.236
-341.236
-341.236
-341.236
-341.236
-341.236
-341.236
-341.236
-341.236
-341.236
-341.236
-341.236
-341.236
-341.236
-341.236
-341.236
-341.236
-341.236
-341.236
-341.236
-341.236
-341.236
-341.236
-341.236
-341.236
-341.236
-341.236
-341.236
-341.236
-341.236
-341.236
-341.236
-341.236
-341.236
-341.236
-341.236
-341.236
-341.236
-341.236
-341.236
-341.236
-341.236
-341.236
-341.236
-341.236
-341.236
-341.236
-341.236
-341.236
-341.236
-341.236
-341.236
-341.236
-341.236
-341.236
-341.236
-341.236
-341.236
-341.236
-341.236
-341.236
-341.236
-341.236
-341.236
-341.236
-341.236
-341.236
-341.236
-341.236
-341.236
-341.236
-341.236
-341.236
-341.236
-341.236
-341.236
-341.236
-341.236
-341.236
-341.236
-341.236
-341.236
-341.236
-341.236
-341.236
-341.236
-342.959
-342.959
-342.959
-342.959
-342.959
-342.959
-342.959
-342.959
-342.959
-342.959
-342.959
-342.959
-342.959
-342.959
-342.959
-342.959
-342.959
-342.959
-342.959
-342.959
-342.959
-342.959
-342.959
-342.959
-342.959
-342.959
-342.959
-342.959
-342.959
-342.959
-342.959
-342.959
-342.959
-342.959
-342.959
-342.959
-342.959
-342.959
-342.959
-342.959
-342.959
-342.959
-342.959
-345.931
-345.931
-345.931
-345.931
-345.931
-345.931
-345.931
-345.931
-345.931
-345.931
-345.931
-345.931
-345.931
-345.931
-355.479
-355.479
-355.479
-355.479
-355.479
-355.479
-355.479
-355.479
-355.479
-355.479
-355.479
-355.479
-355.479
-355.479
-357.534
-357.534
-357.534
-357.534
-357.534
-357.534
-357.534
-360.352
-360.352
-360.352
-360.352
-360.352
-360.352
-360.352
-360.352
-360.352
-360.352
-360.352
-360.352
-360.352
-360.352
-360.352
-360.352
-360.352
-360.352
-360.352
-360.352
-360.352
-360.352
-360.352
-360.352
-360.352
-360.352
-360.352
-360.352
-360.352
-360.352
-360.352
-360.352
-360.352
-360.352
-360.352
-360.352
-360.352
-360.352
-360.352
-360.352
-360.352
-360.352
-360.352
-360.352
-360.352
-360.352
-360.352
-360.352
-360.352
-360.352
-360.352
-360.352
-360.352
-360.352
-360.352
-360.352
-360.352
-360.352
-360.352
-361.117
-361.117
-361.117
-366.671
-366.671
-366.671
-366.671
-366.671
-366.671
-366.671
-366.671
-366.671
-366.671
-367.227
-367.227
-367.227
-367.227
-367.227
-367.227
-367.227
-367.227
-367.227
-367.227
-367.227
-367.227
-367.227
-367.227
-367.227
-367.227
-367.227
-367.227
-367.227
-367.227
-367.227
-367.227
-367.227
-367.227
-367.227
-367.227
-367.227
-367.227
-367.227
-367.227
-369.365
-369.365
-369.365
-369.365
-369.365
-369.365
-369.365
-369.365
-369.365
-369.365
-369.365
-369.365
-369.365
-369.365
-369.365
-369.365
-369.365
-369.365
-369.365
-369.365
-369.365
-369.365
-369.365
-369.365
-369.365
-369.365
-369.365
-369.365
-369.365
-369.365
-369.365
-369.365
-369.365
-369.365
-369.365
-369.365
-369.365
-369.365
-369.365
-369.365
-370.873
-383.8
-383.8
-383.8
-383.8
-383.8
-383.8
-383.8
-383.8
-383.8
-383.8
-383.8
-383.8
-383.8
-383.8
-383.8
-383.8
-383.8
-383.8
-383.8
-383.8
-383.8
-383.993
-383.993
-383.993
-383.993
-383.993
-383.993
-383.993
-383.993
-383.993
-383.993
-383.993
-383.993
-383.993
-383.993
-383.993
-383.993
-383.993
-383.993
-383.993
-383.993
-383.993
-383.993
-383.993
-383.993
-383.993
-383.993
-383.993
-383.993
-383.993
-383.993
-383.993
-385.518
-385.518
-385.518
-387.529
-387.529
-387.529
-387.529
-387.529
-387.529
-387.529
-387.529
-387.529
-387.529
-387.529
-387.529
-387.529
-387.529
-387.529
-387.529
-387.529
-387.529
-387.529
-387.529
-387.529
-387.529
-387.529
-387.529
-387.529
-387.529
-387.529
-387.529
-387.529
-387.529
-387.529
-387.529
-387.529
-387.529
-387.529
-387.529
-387.529
-387.529
-387.943
-387.943
-387.943
-387.943
-387.943
-387.943
-387.943
-387.943
