-10.0282
-25.1683
-25.1683
-25.1683
-25.1683
-32.1403
-39.4103
-39.4103
-40.8818
-40.8818
-40.8818
-40.8818
-40.936
-40.936
-41.085
-48.2334
-48.2334
-48.2334
-48.2334
-67.5577
-67.5577
-67.5577
-67.5577
-69.6212
-69.6212
-78.7256
-78.7256
-78.7256
-78.7256
-78.7256
-94.7342
-95.3233
-99.1864
-99.1864
-107.174
-107.174
-107.174
-107.174
-111.55
-111.55
-111.55
-111.55
-114.97
-114.97
-114.97
-114.97
-114.97
-115.709
-115.709
-125.87
-125.87
-125.87
-130.901
-131.642
-131.642
-131.642
-131.642
-137.034
-137.034
-137.034
-140.49
-146.968
-146.968
-151.013
-151.013
-157.348
-157.348
-167.431
-169.527
-169.527
-169.527
-169.527
-169.527
-176.166
-188.502
-188.502
-188.502
-188.578
-188.578
-188.578
-188.578
-188.578
-188.578
-188.578
-201.389
-201.389
-201.389
-201.389
-201.389
-201.389
-201.389
-201.389
-201.389
-201.389
-201.389
-201.389
-201.389
-201.389
-201.389
-201.389
-201.389
-201.389
-216.39
-216.39
-216.39
-221.551
-221.551
-238.009
-238.009
-238.009
-238.009
-238.009
-238.009
-238.009
-238.312
-245.941
-247.176
-247.176
-247.176
-247.303
-247.303
-247.303
-247.303
-247.303
-247.303
-262.287
-263.415
-263.415
-268.017
-268.017
-268.017
-268.017
-268.017
-268.017
-268.017
-268.017
-268.017
-268.017
-268.017
-268.017
-268.017
-277.812
-277.812
-277.812
-277.812
-283.931
-283.931
-283.931
-283.931
-283.931
-283.931
-283.931
-283.931
-283.931
-283.931
-283.931
-283.931
-283.931
-283.931
-286.496
-286.496
-286.496
-286.496
-286.496
-286.496
-286.496
-286.496
-310.815
-310.815
-310.815
-310.815
-310.815
-310.815
-310.815
-310.815
-310.815
-310.815
-310.815
-310.815
-310.815
-310.815
-310.815
-310.815
-310.815
-310.815
-310.815
-310.815
-310.815
-310.815
-310.815
-310.815
-310.815
-310.815
-310.815
-310.815
-318.046
-318.046
-318.046
-318.046
-318.046
-318.046
-318.046
-318.046
-318.046
-318.046
-318.046
-318.046
-318.046
-318.046
-318.046
-318.046
-318.046
-318.046
-318.046
-318.046
-318.046
-318.046
-318.046
-318.046
-318.046
-318.046
-318.046
-318.046
-318.046
-318.046
-318.046
-318.046
-318.046
-318.046
-318.046
-318.046
-318.046
-318.046
-318.046
-318.046
-318.046
-318.046
-326.312
-326.312
-326.312
-326.312
-326.312
-326.312
-326.312
-326.312
-326.312
-326.312
-326.312
-326.312
-326.312
-326.312
-328.836
-328.836
-328.836
-328.836
-328.836
-328.836
-328.836
-328.836
-328.836
-328.836
-328.836
-328.836
-328.836
-328.836
-328.836
-328.836
-329.191
-329.191
-329.191
-329.191
-329.191
-330.251
-330.251
-330.251
-330.251
-330.251
-330.251
-330.251
-330.251
-330.251
-330.251
-330.251
-330.251
-330.251
-330.251
-330.251
-330.251
-330.251
-330.251
-330.251
-330.251
-330.251
-330.251
-330.251
-330.251
-330.251
-330.251
-330.251
-354.484
-354.484
-354.484
-354.484
-354.484
-354.484
-354.484
-354.484
-354.484
-354.484
-354.484
-354.484
-354.484
-354.484
-354.484
-354.484
-354.484
-354.484
-354.484
-354.484
-354.484
-354.484
-354.484
-354.484
-354.484
-354.484
-354.484
-354.484
-354.484
-354.484
-354.484
-354.484
-354.484
-354.484
-354.484
-354.484
-354.484
-354.484
-354.484
-354.484
-354.484
-354.484
-354.484
-354.484
-354.484
-354.484
-354.484
-354.484
-354.484
-354.484
-354.484
-359.302
-359.302
-359.302
-359.302
-359.302
-359.302
-359.302
-359.302
-359.302
-359.302
-359.302
-359.302
-359.302
-359.302
-359.302
-359.302
-359.302
-359.302
-359.302
-359.302
-359.302
-361.84
-361.84
-361.84
-361.84
-361.84
-361.84
-361.84
-361.84
-361.84
-361.84
-361.84
-361.84
-361.84
-361.84
-361.84
-361.84
-361.84
-361.84
-361.84
-361.84
-361.84
-361.84
-361.84
-361.84
-361.84
-361.84
-361.84
-361.84
-361.84
-361.84
-361.84
-361.84
-361.84
-361.84
-361.84
-361.84
-361.84
-361.84
-361.84
-361.84
-361.84
-361.84
-361.84
-361.84
-361.84
-361.84
-361.84
-361.84
-361.84
-361.84
-361.84
-361.84
-361.84
-361.84
-361.84
-361.84
-361.84
-361.84
-361.84
-361.84
-361.84
-361.84
-361.84
-361.84
-361.84
-361.84
-361.84
-361.84
-361.84
-361.84
-361.84
-361.84
-361.84
-361.84
-361.84
-361.84
-361.84
-361.84
-361.84
-361.84
-361.84
-361.84
-361.84
-361.84
-361.84
-361.84
-361.84
-361.84
-361.84
-361.84
-361.84
-364.011
-364.011
-364.011
-364.011
-364.011
-364.011
-364.011
-364.011
-364.011
-364.011
-364.011
-364.011
-364.011
-364.011
-364.011
-364.011
-364.011
-364.011
-364.011
-364.011
-364.011
-364.011
-364.011
-364.011
-364.011
-364.011
-364.011
-364.011
-364.011
-364.011
-364.011
-364.011
-364.011
-364.011
-364.011
-364.011
-364.011
-364.011
-364.011
-364.011
-364.011
-364.011
-364.011
-364.011
-364.011
-364.011
-364.011
-364.011
-364.011
-368.465
-368.465
-368.465
-368.465
-368.465
-368.465
-368.465
-368.465
-368.465
-368.465
-368.465
-368.465
-368.465
-368.465
-368.465
-368.465
-368.465
-368.465
-368.465
-368.465
-368.465
-368.465
-368.465
-368.465
-368.465
-368.465
-368.465
-368.465
-368.465
-368.465
-368.465
-368.465
-368.465
-368.465
-368.465
-368.465
-368.465
-368.465
-368.465
-368.465
-368.465
-368.465
-368.465
-368.465
-368.465
-368.465
-368.465
-368.465
-368.465
-368.465
-368.465
-368.465
-368.465
-368.465
-368.465
-368.465
-368.465
-368.465
-368.465
-368.465
-368.465
-368.465
-368.465
-368.465
-368.465
-368.465
-368.465
-368.465
-368.465
-368.465
-368.465
-368.465
-368.465
-368.465
-368.465
-368.465
-368.465
-368.465
-368.465
-368.465
-368.465
-368.465
-368.465
-368.465
-368.465
-368.465
-368.465
-368.465
-368.465
-368.465
-368.465
-368.465
-368.465
-368.465
-368.465
-368.465
-368.465
-368.465
-368.465
-368.465
-368.465
-368.465
-368.465
-368.465
-368.465
-368.465
-368.465
-368.465
-368.465
-368.465
-368.465
-368.465
-368.465
-368.465
-368.465
-368.465
-368.465
-368.465
-368.465
-368.465
-368.465
-368.465
-368.465
-368.465
-368.465
-368.465
-368.465
-368.465
-368.465
-368.465
-368.465
-368.465
-368.465
-368.465
-368.465
-368.465
-368.465
-368.465
-368.465
-368.465
-368.465
-368.465
-368.465
-368.465
-368.465
-368.465
-368.465
-368.465
-368.465
-368.465
-368.465
-368.465
-368.465
-368.465
-368.465
-368.465
-368.465
-368.465
-368.465
-368.465
-368.465
-368.465
-368.465
-368.465
-368.465
-368.465
-368.465
-368.465
-368.465
-368.465
-368.465
-368.465
-368.465
-368.465
-368.465
-368.465
-368.465
-368.465
-368.465
-368.465
-368.465
-368.465
-368.465
-368.465
-368.465
-368.465
-368.465
-368.465
-368.465
-368.465
-368.465
-368.465
-368.465
-368.465
-368.465
-368.465
-368.465
-368.465
-368.465
-368.465
-368.465
-368.465
-368.465
-368.465
-368.465
-368.465
-368.465
-368.465
-368.465
-368.465
-368.465
-368.465
-368.465
-368.465
-368.465
-368.465
-368.465
-368.465
-368.465
-368.465
-368.465
-368.465
-368.465
-368.465
-368.465
-368.465
-368.465
-368.465
-368.465
-368.465
-368.465
-368.465
-368.465
-368.465
-368.465
-368.465
-368.465
-368.465
-368.465
-368.465
-368.465
-368.465
-368.465
-368.465
-368.465
-368.465
-368.465
-368.465
-368.465
-368.465
-368.465
-368.465
-368.465
-368.465
-368.465
-368.465
-368.465
-368.465
-368.465
-368.465
-368.465
-368.465
-368.465
-368.465
-368.465
-368.465
-368.465
-368.465
-368.465
-368.465
-368.465
-368.465
-368.465
-368.465
-368.465
-368.465
-368.465
-368.465
-368.465
-368.465
-368.465
-368.465
-369.579
-369.579
-369.579
-369.579
-369.579
-369.579
-369.579
-369.579
-369.579
-369.579
-369.579
-369.579
-369.579
-369.579
-369.579
-369.579
-369.579
-369.579
-369.579
-369.579
-369.579
-369.579
-369.579
-369.579
-369.579
-369.579
-369.579
-369.579
-369.579
-369.579
-369.579
-369.579
-369.579
-369.579
-369.579
-369.579
-369.579
-369.579
-369.579
-369.579
-369.579
-369.579
-369.579
-369.579
-369.579
-369.579
-369.579
-369.579
-369.579
-369.579
-369.579
-369.579
-369.579
-369.579
-369.579
-369.579
-369.579
-369.579
-369.579
-369.579
-369.579
-369.579
-369.579
-369.579
-369.579
-369.579
-369.579
-369.579
-369.579
-369.579
-369.579
-369.579
-369.579
-369.579
-369.579
-369.579
-369.579
-369.579
-369.579
-369.579
-369.579
-369.579
-369.579
-369.579
-369.579
-369.579
-369.579
-369.579
-369.579
-369.579
-369.579
-369.579
-369.579
-369.579
-369.579
-369.579
-369.579
-369.579
-369.579
-369.579
-369.579
-369.579
-369.579
-369.579
-369.579
-369.579
-369.579
-369.579
-369.579
-369.579
-369.579
-369.579
-369.579
-369.579
-369.579
-369.579
-369.579
-369.579
-369.579
-369.579
-369.579
-369.579
-369.579
-369.579
-369.579
-369.579
-369.579
-369.579
-369.579
-369.579
-369.579
-369.579
-369.579
-369.579
-369.579
-369.579
-369.579
-369.579
-369.579
-369.579
-369.579
-369.579
-369.579
-369.579
-369.579
-369.579
-369.579
-369.579
-369.579
-369.579
-369.579
-369.579
-369.579
-369.579
-369.579
-369.579
-369.579
-369.579
-369.579
-369.579
-369.579
-369.579
-369.579
-369.579
-369.579
-369.579
-369.579
-369.579
-369.579
-369.579
-369.579
-369.579
-369.579
-369.579
-369.579
-369.579
-369.579
-369.579
-369.579
-369.579
-369.579
-369.579
-369.579
-369.579
-369.579
-369.579
-369.579
-369.579
-369.579
-369.579
-369.579
-369.579
-369.579
-369.579
-369.579
-369.579
-369.579
-369.579
-369.579
-369.579
-369.579
-369.579
-369.579
-369.579
-369.579
-369.579
-369.579
