-15.6367
-15.6367
-16.0086
-20.828
-21.231
-23.6593
-23.6593
-23.6593
-35.2607
-35.2607
-35.2607
-35.2607
-35.2607
-61.2522
-61.2522
-61.2522
-61.2522
-63.0467
-90.833
-93.1903
-101.076
-110.919
-112.411
-133.857
-133.857
-133.857
-133.857
-133.857
-133.857
-133.857
-133.857
-140.26
-140.26
-140.26
-140.26
-151.312
-156.418
-156.418
-156.418
-156.418
-156.418
-158.345
-158.345
-158.345
-165.078
-165.078
-165.078
-165.764
-174.093
-174.093
-178.525
-178.525
-178.525
-178.525
-178.525
-178.525
-178.525
-178.525
-178.525
-178.525
-178.525
-178.525
-178.525
-178.858
-178.858
-178.858
-178.858
-181.001
-197.866
-197.866
-197.866
-197.866
-218.265
-218.265
-218.265
-218.265
-218.265
-218.265
-218.265
-218.265
-218.265
-218.265
-219.084
-219.084
-220.118
-220.118
-220.118
-220.118
-220.118
-220.118
-220.118
-220.118
-220.118
-221.893
-221.893
-221.893
-221.893
-221.893
-227.461
-236.204
-236.204
-236.204
-238.944
-238.944
-238.944
-238.944
-243.307
-243.307
-243.307
-254.896
-254.896
-254.896
-254.896
-254.896
-265.235
-265.235
-265.235
-265.728
-265.728
-265.728
-265.728
-265.728
-265.728
-265.728
-265.728
-265.728
-265.728
-265.728
-265.728
-265.728
-265.728
-265.728
-265.728
-272.468
-272.468
-272.468
-272.468
-272.468
-272.468
-272.468
-272.468
-272.468
-272.468
-273.698
-273.698
-273.698
-273.698
-273.698
-273.698
-273.811
-273.811
-273.811
-273.811
-273.811
-273.811
-273.811
-273.811
-273.811
-278.685
-284.594
-284.594
-284.594
-284.594
-287.458
-287.458
-287.458
-287.458
-287.458
-287.458
-287.458
-287.458
-287.458
-288.843
-288.843
-288.843
-295.174
-295.174
-295.174
-295.174
-295.174
-295.174
-295.174
-295.174
-295.174
-295.174
-295.174
-295.174
-295.174
-295.174
-295.174
-295.174
-295.174
-295.174
-295.174
-295.174
-295.174
-295.174
-295.174
-295.174
-295.174
-295.174
-299.671
-299.671
-299.671
-299.671
-302.214
-302.214
-302.214
-302.214
-302.214
-302.214
-302.214
-302.214
-302.214
-302.214
-302.214
-302.214
-302.214
-302.214
-302.214
-302.214
-302.214
-302.214
-302.214
-302.214
-302.214
-302.214
-302.214
-302.214
-302.214
-302.214
-302.214
-303.172
-303.172
-304.314
-304.314
-304.314
-304.314
-304.314
-304.314
-304.314
-305.817
-305.817
-305.817
-305.817
-305.817
-305.817
-305.817
-305.817
-305.817
-305.817
-305.817
-305.817
-305.817
-305.817
-305.817
-313.975
-313.975
-313.975
-313.975
-313.975
-313.975
-313.975
-313.975
-313.975
-313.975
-323.787
-323.787
-329.025
-329.025
-329.025
-329.025
-329.025
-329.025
-329.025
-329.025
-329.025
-329.025
-329.025
-329.025
-329.025
-329.025
-329.025
-329.025
-329.025
-329.025
-329.025
-329.025
-329.025
-329.025
-329.025
-329.025
-329.025
-329.025
-329.025
-329.025
-329.025
-329.025
-329.025
-329.025
-329.025
-329.025
-329.025
-329.025
-329.025
-329.025
-329.025
-329.025
-329.025
-329.025
-329.025
-329.025
-329.025
-329.025
-329.025
-329.025
-329.025
-329.025
-329.025
-329.025
-329.025
-329.025
-329.025
-329.025
-329.025
-329.025
-329.025
-329.025
-329.025
-329.025
-329.025
-329.025
-331.403
-331.403
-331.403
-331.403
-331.403
-331.403
-331.403
-331.403
-331.403
-331.403
-331.403
-331.403
-344.904
-344.904
-344.904
-344.904
-344.904
-344.904
-344.904
-344.904
-344.904
-344.904
-344.904
-344.904
-344.904
-344.904
-344.904
-344.904
-344.904
-344.904
-344.904
-344.904
-344.904
-344.904
-344.904
-344.904
-344.904
-344.904
-344.904
-344.904
-344.904
-344.904
-344.904
-344.904
-344.904
-344.904
-344.904
-344.904
-344.904
-344.904
-344.904
-344.904
-344.904
-344.904
-344.904
-344.904
-344.904
-344.904
-344.904
-344.904
-344.904
-344.904
-344.904
-344.904
-344.904
-344.904
-344.904
-344.904
-344.904
-344.904
-344.904
-344.904
-344.904
-344.904
-344.904
-344.904
-344.904
-344.904
-344.904
-344.904
-344.904
-344.904
-344.904
-344.904
-344.904
-344.904
-344.904
-344.904
-344.904
-344.904
-344.904
-344.904
-344.904
-344.904
-344.904
-344.904
-344.904
-344.904
-344.904
-344.904
-344.904
-344.904
-344.904
-344.904
-344.904
-344.904
-344.904
-344.904
-344.904
-344.904
-344.904
-344.904
-344.904
-344.904
-344.904
-344.904
-344.904
-344.904
-344.904
-344.904
-344.904
-344.904
-344.904
-344.904
-344.904
-344.904
-344.904
-344.904
-344.904
-344.904
-344.904
-344.904
-344.904
-344.904
-344.904
-344.904
-344.904
-344.904
-344.904
-344.904
-344.904
-344.904
-344.904
-344.904
-344.904
-344.904
-344.904
-344.904
-344.904
-344.904
-344.904
-344.904
-344.904
-344.904
-344.904
-344.904
-344.904
-344.904
-344.904
-344.904
-344.904
-344.904
-344.904
-344.904
-344.904
-344.904
-344.904
-344.904
-344.904
-344.904
-344.904
-344.904
-344.904
-344.904
-344.904
-344.904
-344.904
-344.904
-344.904
-344.904
-344.904
-344.904
-344.904
-344.904
-344.904
-344.904
-344.904
-344.904
-344.904
-344.904
-344.904
-344.904
-344.904
-344.904
-344.904
-344.904
-344.904
-344.904
-344.904
-344.904
-344.904
-344.904
-344.904
-344.904
-344.904
-344.904
-344.904
-344.904
-344.904
-344.904
-344.904
-344.904
-344.904
-344.904
-344.904
-344.904
-344.904
-344.904
-344.904
-344.904
-344.904
-344.904
-344.904
-344.904
-344.904
-344.904
-344.904
-344.904
-344.904
-344.904
-344.904
-344.904
-344.904
-344.904
-344.904
-344.904
-344.904
-344.904
-344.904
-344.904
-344.904
-344.904
-344.904
-344.904
-344.904
-344.904
-344.904
-344.904
-344.904
-344.904
-344.904
-344.904
-344.904
-344.904
-344.904
-344.904
-344.904
-344.904
-344.904
-344.904
-344.904
-344.904
-344.904
-344.904
-344.904
-344.904
-344.904
-344.904
-344.904
-344.904
-344.904
-344.904
-344.904
-344.904
-344.904
-344.904
-344.904
-344.904
-344.904
-344.904
-344.904
-344.904
-344.904
-344.904
-344.904
-344.904
-344.904
-344.904
-344.904
-344.904
-344.904
-344.904
-344.904
-344.904
-344.904
-344.904
-344.904
-344.904
-344.904
-344.904
-344.904
-344.904
-344.904
-344.904
-344.904
-344.904
-344.904
-344.904
-344.904
-344.904
-344.904
-344.904
-344.904
-344.904
-344.904
-344.904
-344.904
-344.904
-344.904
-344.904
-344.904
-344.904
-344.904
-344.904
-344.904
-344.904
-344.904
-344.904
-344.904
-344.904
-344.904
-344.904
-344.904
-344.904
-344.904
-344.904
-344.904
-344.904
-344.904
-344.904
-344.904
-344.904
-344.904
-344.904
-344.904
-344.904
-344.904
-344.904
-344.904
-344.904
-344.904
-344.904
-344.904
-344.904
-344.904
-344.904
-344.904
-344.904
-344.904
-344.904
-344.904
-344.904
-344.904
-344.904
-344.904
-344.904
-344.904
-344.904
-344.904
-344.904
-344.904
-344.904
-344.904
-344.904
-344.904
-344.904
-344.904
-344.904
-344.904
-344.904
-344.904
-344.904
-344.904
-344.904
-344.904
-344.904
-344.904
-344.904
-344.904
-344.904
-344.904
-344.904
-344.904
-344.904
-344.904
-344.904
-344.904
-344.904
-344.904
-344.904
-344.904
-344.904
-344.904
-344.904
-344.904
-344.904
-344.904
-344.904
-344.904
-344.904
-344.904
-344.904
-344.904
-344.904
-344.904
-344.904
-344.904
-344.904
-344.904
-344.904
-344.904
-344.904
-344.904
-344.904
-344.904
-344.904
-344.904
-344.904
-344.904
-344.904
-344.904
-344.904
-344.904
-344.904
-344.904
-344.904
-344.904
-344.904
-344.904
-344.904
-344.904
-344.904
-344.904
-344.904
-344.904
-344.904
-344.904
-344.904
-344.904
-344.904
-344.904
-344.904
-344.904
-344.904
-344.904
-344.904
-344.904
-344.904
-344.904
-344.904
-344.904
-344.904
-344.904
-344.904
-344.904
-344.904
-344.904
-344.904
-344.904
-344.904
-344.904
-344.904
-344.904
-344.904
-344.904
-344.904
-344.904
-344.904
-344.904
-344.904
-344.904
-344.904
-344.904
-344.904
-344.904
-344.904
-344.904
-344.904
-344.904
-344.904
-344.904
-344.904
-344.904
-344.904
-344.904
-344.904
-344.904
-344.904
-344.904
-344.904
-344.904
-344.904
-344.904
-344.904
-344.904
-344.904
-344.904
-344.904
-344.904
-344.904
-344.904
-344.904
-344.904
-344.904
-344.904
-344.904
-344.904
-344.904
-344.904
-344.904
-344.904
-344.904
-344.904
-344.904
-344.904
-344.904
-344.904
-344.904
-344.904
-344.904
-344.904
-344.904
-344.904
-344.904
-344.904
-344.904
-344.904
-344.904
-344.904
-344.904
-344.904
-344.904
-344.904
-344.904
-344.904
-344.904
-344.904
-344.904
-344.904
-344.904
-344.904
-344.904
-344.904
-344.904
-344.904
-344.904
-344.904
-344.904
-344.904
-344.904
-344.904
-344.904
-344.904
-344.904
-344.904
-344.904
-344.904
-344.904
-344.904
-344.904
-344.904
-344.904
-344.904
-344.904
-344.904
-344.904
-344.904
-344.904
-344.904
-344.904
-344.904
-344.904
-344.904
-344.904
-344.904
-344.904
-344.904
-344.904
-344.904
-344.904
-344.904
-344.904
-344.904
-344.904
-344.904
-344.904
-344.904
-344.904
-344.904
-344.904
-344.904
-344.904
-344.904
-344.904
-344.904
-344.904
-344.904
-344.904
-344.904
-344.904
-344.904
-344.904
-344.904
-344.904
-344.904
-344.904
-344.904
-344.904
-344.904
-344.904
-344.904
-344.904
-344.904
-344.904
-344.904
-344.904
-344.904
-344.904
-344.904
-344.904
-344.904
-344.904
-344.904
-344.904
-344.904
-344.904
-344.904
-344.904
-344.904
-344.904
-344.904
-344.904
-344.904
-344.904
-344.904
-344.904
-344.904
-344.904
-344.904
-344.904
-344.904
-344.904
-344.904
-344.904
-344.904
-344.904
-344.904
-344.904
-344.904
-344.904
-344.904
-344.904
-344.904
-344.904
-344.904
-344.904
-344.904
-344.904
