30.3707
30.3707
30.3707
11.3078
11.3078
11.3078
11.3078
11.3078
-10.462
-10.462
-10.462
-10.462
-12.5331
-12.5331
-12.9529
-22.3674
-31.2568
-31.2568
-31.2568
-37.224
-37.224
-49.2906
-52.741
-52.741
-52.741
-52.741
-52.741
-61.0968
-61.0968
-67.3496
-75.0885
-75.0885
-75.0885
-89.5926
-94.6923
-103.145
-103.145
-117.58
-117.58
-117.58
-119.016
-119.016
-124.686
-124.686
-124.686
-124.686
-124.686
-138.694
-138.694
-141.082
-141.082
-141.082
-141.082
-143.165
-143.165
-143.165
-143.165
-143.165
-150.532
-150.532
-161.805
-161.805
-163.675
-163.675
-163.675
-163.675
-163.675
-163.675
-163.675
-173.226
-173.226
-173.226
-173.226
-175.854
-175.854
-175.854
-183.84
-183.84
-183.877
-183.877
-183.877
-183.877
-183.877
-187.397
-187.397
-187.397
-187.592
-187.592
-187.592
-195.325
-195.566
-195.566
-195.566
-195.566
-195.566
-195.566
-195.566
-195.566
-195.566
-195.566
-195.566
-195.566
-195.566
-195.566
-195.566
-195.566
-195.566
-195.566
-201.748
-201.748
-201.748
-203.781
-203.781
-203.781
-203.781
-203.781
-204.485
-204.485
-204.485
-204.485
-205.364
-205.364
-205.364
-205.364
-212.482
-216.621
-216.621
-216.621
-216.621
-216.621
-216.621
-225.063
-229.94
-229.94
-234.288
-234.288
-234.288
-234.288
-234.288
-245.515
-245.515
-254.608
-254.608
-254.608
-257.926
-257.926
-257.926
-257.926
-257.926
-257.926
-257.926
-257.926
-267.615
-270.514
-270.514
-274.898
-274.898
-274.898
-274.898
-274.898
-274.898
-274.898
-274.898
-274.898
-289.575
-289.575
-289.575
-289.575
-295.034
-295.034
-295.034
-295.034
-295.034
-295.034
-295.034
-295.034
-295.034
-295.034
-305.939
-305.939
-309.946
-309.946
-309.946
-309.946
-309.946
-309.946
-309.946
-309.946
-309.946
-309.946
-309.946
-309.946
-309.946
-309.946
-309.946
-313.18
-313.18
-313.18
-313.18
-313.18
-313.18
-313.619
-313.619
-313.619
-313.619
-313.619
-313.619
-313.619
-313.619
-313.619
-313.619
-313.619
-313.619
-313.619
-313.619
-313.619
-313.619
-313.619
-313.619
-314.872
-314.872
-314.872
-314.872
-314.872
-314.872
-314.872
-314.872
-314.872
-314.872
-315.009
-315.009
-315.009
-315.009
-315.009
-315.009
-315.009
-315.009
-315.009
-315.009
-315.009
-315.009
-315.009
-315.009
-315.009
-315.009
-315.009
-315.009
-315.009
-315.009
-315.009
-315.009
-315.009
-315.009
-315.009
-315.009
-315.009
-315.009
-315.009
-315.009
-316.038
-316.038
-316.038
-316.038
-316.038
-316.038
-316.038
-316.038
-316.038
-316.038
-316.038
-316.038
-316.038
-316.038
-316.038
-316.038
-316.038
-316.038
-316.038
-316.038
-316.038
-316.038
-316.038
-316.038
-316.038
-316.038
-316.038
-316.038
-316.038
-324.12
-324.12
-324.12
-329.746
-329.746
-329.746
-329.746
-329.746
-329.746
-329.746
-329.746
-329.746
-329.746
-329.746
-329.746
-333.115
-333.115
-333.115
-333.115
-333.115
-333.115
-333.115
-333.115
-333.115
-333.115
-333.115
-333.115
-333.115
-333.115
-333.115
-333.115
-334.537
-334.537
-334.537
-334.537
-334.537
-334.537
-334.537
-334.537
-334.537
-336.448
-336.448
-336.448
-336.448
-336.448
-336.448
-336.448
-336.448
-336.448
-336.448
-336.448
-336.448
-336.448
-336.448
-336.448
-336.448
-336.448
-336.448
-336.448
-336.448
-336.448
-336.448
-336.448
-336.448
-336.448
-336.448
-336.448
-336.448
-336.448
-336.448
-336.448
-336.448
-336.448
-336.448
-336.448
-336.448
-336.448
-336.448
-336.448
-336.448
-336.448
-336.448
-336.448
-336.448
-336.448
-336.448
-336.448
-336.448
-336.448
-336.448
-336.448
-336.448
-336.448
-336.448
-336.448
-336.448
-336.448
-336.448
-336.448
-336.448
-336.448
-336.448
-336.448
-336.448
-336.448
-336.448
-336.448
-336.448
-336.448
-336.448
-336.448
-336.448
-336.448
-336.448
-336.448
-336.448
-336.448
-336.448
-336.448
-336.448
-336.448
-336.448
-336.448
-336.448
-336.448
-336.448
-336.448
-336.448
-336.448
-336.448
-336.448
-336.448
-336.448
-336.448
-336.448
-336.448
-341.405
-341.405
-341.405
-341.405
-341.405
-343.104
-343.104
-343.104
-343.104
-343.104
-343.104
-343.104
-343.104
-343.104
-343.104
-343.104
-343.104
-343.104
-343.104
-343.104
-343.104
-343.104
-343.104
-343.104
-343.104
-351.557
-354.229
-359.391
-359.391
-359.391
-359.391
-359.391
-359.391
-359.391
-359.391
-359.391
-359.391
-359.391
-359.391
-359.391
-359.391
-359.391
-359.391
-359.391
-359.391
-359.391
-359.391
-359.391
-359.391
-359.391
-359.391
-359.391
-359.391
-359.391
-359.391
-359.391
-359.391
-359.391
-359.391
-359.391
-359.391
-359.391
-359.391
-359.391
-359.391
-359.391
-359.391
-359.391
-359.391
-359.391
-359.391
-359.391
-359.391
-359.391
-359.391
-359.391
-359.391
-359.391
-359.391
-359.391
-359.391
-359.391
-359.391
-359.391
-359.391
-359.391
-359.391
-359.391
-359.391
-359.391
-359.391
-359.391
-359.391
-359.391
-359.391
-359.391
-359.391
-359.391
-359.391
-359.391
-359.391
-359.391
-359.391
-359.391
-359.391
-359.391
-359.391
-359.391
-359.391
-359.391
-359.391
-359.391
-359.391
-359.391
-359.391
-359.391
-359.391
-359.391
-359.391
-360.188
-360.188
-360.188
-360.188
-360.188
-360.188
-360.188
-360.188
-360.188
-360.188
-360.188
-360.188
-360.188
-360.188
-360.188
-360.188
-360.188
-360.188
-360.188
-362.448
-362.448
-362.448
-362.448
-362.448
-362.448
-362.448
-362.448
-362.448
-365.831
-365.831
-365.831
-365.831
-365.831
-365.831
-365.831
-365.831
-365.831
-365.831
-365.831
-365.831
-365.831
-365.831
-365.831
-365.831
-365.831
-365.831
-365.831
-368.809
-368.809
-368.809
-368.809
-369.951
-369.951
-369.951
-369.951
-369.951
-369.951
-369.951
-369.951
-369.951
-369.951
-369.951
-369.951
-369.951
-369.951
-369.951
-369.951
-369.951
-369.951
-369.951
-369.951
-369.951
-369.951
-369.951
-369.951
-369.951
-369.951
-369.951
-369.951
-369.951
-369.951
-369.951
-369.951
-369.951
-369.951
-369.951
-369.951
-369.951
-369.951
-369.951
-369.951
-369.951
-369.951
-369.951
-369.951
-369.951
-369.951
-369.951
-369.951
-369.951
-369.951
-369.951
-369.951
-369.951
-369.951
-369.951
-369.951
-369.951
-369.951
-369.951
-369.951
-369.951
-369.951
-369.951
-369.951
-369.951
-369.951
-369.951
-369.951
-369.951
-369.951
-369.951
-369.951
-369.951
-369.951
-369.951
-369.951
-369.951
-369.951
-369.951
-369.951
-369.951
-369.951
-369.951
-369.951
-369.951
-369.951
-369.951
-369.951
-369.951
-369.951
-369.951
-369.951
-369.951
-369.951
-369.951
-369.951
-369.951
-369.951
-369.951
-369.951
-369.951
-369.951
-369.951
-369.951
-369.951
-369.951
-369.951
-369.951
-369.951
-369.951
-369.951
-369.951
-369.951
-369.951
-369.951
-369.951
-369.951
-369.951
-369.951
-369.951
-369.951
-369.951
-369.951
-369.951
-369.951
-369.951
-369.951
-369.951
-369.951
-369.951
-369.951
-369.951
-369.951
-369.951
-369.951
-369.951
-369.951
-369.951
-369.951
-369.951
-369.951
-369.951
-369.951
-369.951
-369.951
-369.951
-369.951
-369.951
-369.951
-369.951
-369.951
-369.951
-369.951
-369.951
-369.951
-369.951
-369.951
-369.951
-369.951
-369.951
-369.951
-369.951
-369.951
-369.951
-369.951
-369.951
-369.951
-369.951
-369.951
-369.951
-369.951
-369.951
-369.951
-369.951
-369.951
-369.951
-369.951
-369.951
-369.951
-369.951
-369.951
-369.951
-369.951
-369.951
-369.951
-369.951
-369.951
-369.951
-369.951
-369.951
-369.951
-369.951
-369.951
-369.951
-369.951
-369.951
-369.951
-369.951
-369.951
-369.951
-369.951
-369.951
-369.951
-369.951
-369.951
-369.951
-369.951
-369.951
-369.951
-372.071
-372.071
-372.071
-372.071
-372.071
-372.071
-372.071
-372.071
-372.071
-372.071
-372.071
-372.071
-372.071
-372.071
-372.071
-372.071
-372.071
-372.071
-372.071
-372.071
-372.071
-372.071
-372.071
-372.071
-372.071
-372.071
-372.071
-372.071
-372.071
-372.071
-372.071
-372.071
-372.071
-372.071
-372.071
-372.071
-372.071
-372.071
-372.071
-372.071
-372.071
-372.071
-372.071
-372.071
-372.071
-372.071
-372.071
-372.071
-372.071
-372.071
-372.071
-372.071
-372.071
-372.071
-372.071
-372.071
-372.071
-372.071
-372.071
-372.071
-372.071
-372.071
-372.071
-372.071
-372.071
-372.071
-372.071
-372.071
-372.071
-372.071
-372.071
-372.071
-372.071
-372.071
-372.071
-372.071
-372.071
-372.071
-372.071
-372.071
-372.071
-372.071
-372.071
-372.071
-372.071
-372.071
-372.071
-372.071
-372.071
-372.071
-372.071
-372.071
-372.071
-372.071
-372.071
-372.071
-372.071
-372.071
-372.071
-372.071
-372.071
-372.071
-372.071
-372.071
-372.071
-372.071
-372.071
-372.071
-372.071
-372.071
-372.071
-372.071
-372.071
-372.071
-372.071
-372.071
-372.071
-372.071
-372.071
-372.071
-372.071
-372.071
-372.071
-372.071
-372.071
-372.071
-372.071
-372.071
-372.071
-372.071
-372.071
-372.071
-372.071
-372.071
-372.071
-372.071
-372.071
-372.071
-372.071
-372.071
-372.071
-372.071
-372.071
-372.071
-372.071
-372.071
-372.071
-372.071
-372.071
-372.071
-372.071
-372.071
-372.071
-372.071
-372.071
-372.071
-372.071
-372.071
-372.071
-372.071
-372.071
-372.071
-372.071
-372.071
-372.071
-372.071
-372.071
-372.071
-372.071
-372.071
-372.071
-372.071
-372.071
-372.071
-372.071
-372.071
-372.071
-372.071
-372.071
-372.071
-372.071
-372.071
-372.071
-372.071
-372.071
-372.071
-372.671
-372.671
-372.671
-372.671
-372.671
-372.671
-372.671
-372.671
-372.671
-372.671
-372.671
