27.4443
24.2842
19.49
19.49
15.5992
6.89239
1.71721
1.71721
1.71721
-3.61216
-8.39112
-8.39112
-19.9051
-19.9051
-27.9273
-33.318
-33.318
-46.2631
-46.2631
-46.2631
-46.2631
-46.2631
-46.2631
-48.0484
-48.0484
-49.8538
-49.8538
-51.8201
-53.3271
-57.8155
-57.8155
-57.8155
-57.8155
-57.8155
-64.6907
-67.9256
-67.9256
-90.0615
-101.255
-101.255
-101.255
-106.175
-106.175
-106.175
-106.175
-111.286
-111.722
-112.229
-112.229
-138.321
-138.321
-154.584
-154.584
-154.584
-154.584
-160.996
-160.996
-174.289
-174.289
-174.289
-174.289
-174.289
-174.289
-174.289
-191.026
-191.026
-191.026
-191.026
-191.026
-191.026
-191.026
-191.026
-191.026
-191.026
-191.026
-191.026
-191.026
-195.676
-195.676
-195.676
-195.676
-195.676
-195.676
-196.658
-196.658
-196.978
-202.851
-202.851
-202.851
-202.851
-206.022
-206.022
-206.022
-206.401
-206.401
-216.481
-230.111
-230.111
-230.111
-230.111
-230.111
-230.111
-230.111
-230.111
-230.111
-230.111
-230.111
-230.111
-230.111
-230.111
-230.111
-230.111
-230.111
-230.111
-239.195
-239.195
-239.195
-239.195
-239.195
-239.195
-247.097
-247.097
-247.097
-247.097
-261.178
-261.178
-261.178
-261.178
-261.178
-261.178
-261.178
-268.128
-268.128
-268.128
-268.128
-268.128
-268.128
-275.526
-275.526
-275.526
-287.914
-287.914
-287.914
-287.914
-287.914
-287.914
-287.914
-287.914
-287.914
-287.914
-287.914
-287.914
-287.914
-287.914
-287.914
-287.914
-287.914
-287.914
-287.914
-287.914
-287.914
-287.914
-287.914
-287.914
-287.914
-287.914
-287.914
-289.282
-289.282
-289.282
-289.282
-289.282
-289.282
-289.282
-295.152
-295.152
-295.152
-295.152
-302.673
-302.673
-302.673
-302.673
-302.673
-305.253
-305.253
-305.253
-307.146
-307.146
-307.146
-307.146
-307.146
-307.146
-307.146
-307.146
-307.146
-307.146
-310.04
-312.074
-312.208
-312.208
-312.208
-312.208
-312.208
-312.208
-312.208
-312.208
-312.208
-312.208
-312.208
-312.208
-312.208
-312.208
-312.208
-312.208
-312.208
-312.208
-312.208
-312.208
-312.208
-312.208
-312.208
-312.208
-312.208
-312.208
-312.208
-312.208
-312.208
-312.208
-312.208
-312.208
-312.208
-312.208
-312.208
-312.208
-312.208
-312.208
-312.208
-312.208
-312.208
-312.208
-312.208
-312.208
-312.208
-312.208
-312.208
-312.208
-312.208
-312.208
-312.208
-312.208
-312.208
-312.208
-312.208
-312.208
-312.208
-312.208
-312.208
-312.208
-312.208
-312.694
-312.694
-312.694
-312.694
-312.694
-312.694
-312.694
-312.694
-312.694
-312.694
-312.694
-312.694
-312.694
-312.694
-312.694
-312.694
-312.694
-312.694
-312.694
-312.694
-312.694
-312.694
-312.949
-312.949
-312.949
-312.949
-312.949
-312.949
-312.949
-312.949
-312.949
-312.949
-312.949
-312.949
-312.949
-312.949
-314.888
-314.888
-314.888
-314.888
-314.888
-314.888
-314.888
-314.888
-314.888
-314.888
-314.888
-314.888
-314.888
-314.888
-314.888
-314.888
-314.888
-314.888
-314.888
-314.888
-314.888
-314.888
-328.603
-328.603
-328.603
-328.603
-328.603
-328.603
-328.603
-328.603
-328.603
-328.603
-328.603
-328.603
-328.603
-328.603
-328.603
-328.603
-328.603
-328.603
-328.603
-328.603
-332.592
-333.333
-333.333
-333.333
-333.333
-333.333
-333.333
-333.333
-333.333
-333.333
-333.333
-333.333
-333.333
-333.333
-333.333
-333.333
-333.333
-333.333
-333.333
-333.333
-333.333
-333.333
-334.663
-334.663
-334.663
-334.663
-334.663
-334.663
-334.663
-334.663
-334.663
-334.663
-334.663
-334.663
-335.279
-335.279
-335.279
-335.279
-335.279
-335.279
-335.279
-335.279
-335.279
-335.279
-335.279
-335.279
-335.279
-335.279
-335.279
-335.279
-335.279
-335.279
-335.279
-335.279
-335.279
-335.279
-335.279
-335.279
-335.279
-335.279
-335.279
-335.279
-335.279
-335.279
-335.279
-335.279
-335.279
-335.279
-335.279
-335.279
-335.279
-335.279
-335.279
-335.279
-335.279
-335.279
-335.279
-335.279
-335.279
-335.279
-335.279
-335.279
-335.279
-335.279
-335.279
-335.279
-335.279
-335.279
-335.279
-335.279
-335.279
-335.279
-335.279
-335.279
-335.279
-335.279
-335.279
-335.279
-335.279
-335.279
-336.419
-336.419
-336.419
-336.419
-336.419
-336.419
-336.419
-336.419
-336.419
-336.419
-336.419
-336.419
-336.419
-336.419
-336.419
-336.419
-336.419
-336.419
-336.419
-336.419
-336.419
-336.419
-336.419
-336.419
-336.419
-336.419
-336.419
-336.419
-336.419
-336.419
-336.419
-336.419
-336.419
-336.419
-336.419
-336.419
-336.419
-336.419
-336.419
-336.419
-336.419
-336.419
-336.419
-336.419
-336.419
-336.419
-336.419
-336.419
-336.419
-336.419
-336.419
-336.419
-336.419
-336.419
-336.419
-336.419
-336.419
-336.419
-336.419
-336.419
-336.419
-336.419
-336.419
-336.419
-336.419
-336.419
-336.419
-336.419
-336.419
-336.419
-336.419
-336.419
-336.419
-336.419
-336.419
-336.419
-336.419
-336.419
-336.419
-336.419
-336.419
-336.419
-336.419
-336.419
-336.419
-336.419
-336.419
-336.419
-336.419
-336.419
-336.419
-336.419
-336.419
-336.419
-336.419
-336.419
-336.419
-336.419
-336.419
-336.419
-336.419
-336.419
-336.419
-336.419
-336.419
-336.419
-336.419
-336.419
-336.419
-336.419
-336.419
-336.419
-336.419
-336.419
-336.419
-336.419
-336.419
-336.419
-336.419
-336.419
-336.419
-336.419
-336.419
-336.419
-336.419
-336.419
-336.419
-336.419
-336.419
-336.419
-336.419
-336.419
-336.419
-336.419
-336.419
-336.419
-336.419
-336.419
-336.419
-336.419
-336.419
-336.419
-336.419
-336.419
-336.419
-336.419
-336.419
-336.419
-336.419
-336.419
-336.419
-336.419
-336.419
-336.419
-336.419
-336.419
-336.419
-336.419
-336.419
-336.419
-336.419
-336.419
-336.419
-336.419
-336.419
-336.419
-336.419
-336.419
-336.419
-336.419
-336.419
-336.419
-336.419
-336.419
-336.419
-336.419
-336.419
-336.419
-336.419
-336.419
-336.419
-336.419
-336.419
-336.419
-336.419
-336.419
-336.419
-336.419
-336.419
-336.419
-336.419
-336.419
-336.419
-336.419
-336.419
-336.419
-336.419
-336.419
-336.419
-336.419
-336.419
-336.419
-336.419
-336.419
-336.419
-336.419
-336.419
-336.419
-336.419
-336.419
-336.419
-336.419
-336.419
-336.419
-336.419
-336.419
-336.419
-336.419
-336.419
-336.419
-336.419
-336.419
-336.419
-336.419
-336.419
-336.419
-336.419
-336.419
-336.419
-336.419
-336.419
-336.419
-336.419
-336.419
-336.419
-336.419
-336.419
-336.419
-336.419
-336.419
-336.419
-336.419
-336.419
-336.419
-336.419
-336.419
-336.419
-336.419
-336.419
-336.419
-336.419
-336.419
-336.419
-336.419
-336.419
-336.419
-336.419
-336.419
-336.419
-336.419
-336.419
-336.419
-336.419
-336.419
-336.419
-336.419
-336.419
-336.419
-340.02
-340.02
-340.02
-340.02
-340.02
-340.02
-340.02
-340.02
-340.02
-340.02
-340.02
-340.02
-340.02
-340.02
-340.02
-340.02
-340.02
-340.02
-340.02
-340.02
-340.02
-340.02
-340.02
-340.02
-340.02
-340.02
-340.02
-340.02
-340.02
-340.02
-340.02
-340.02
-340.02
-340.02
-340.02
-340.02
-340.02
-342.508
-342.508
-342.508
-342.508
-342.508
-342.508
-342.508
-342.508
-342.508
-342.508
-342.508
-342.508
-342.508
-342.508
-342.508
-342.508
-342.508
-342.508
-342.508
-342.508
-342.508
-342.508
-342.508
-342.508
-342.508
-342.508
-342.508
-342.508
-342.508
-342.508
-342.508
-342.508
-342.508
-342.508
-342.508
-342.508
-342.508
-342.508
-342.508
-342.508
-342.508
-342.508
-342.508
-342.508
-342.508
-342.508
-342.508
-342.508
-342.508
-342.508
-342.508
-342.508
-342.508
-342.508
-342.508
-342.508
-342.508
-342.508
-342.508
-342.508
-342.508
-342.508
-342.508
-342.508
-342.508
-342.508
-342.508
-342.508
-342.508
-342.508
-342.508
-342.508
-342.508
-342.508
-342.508
-342.508
-342.508
-342.508
-342.508
-342.508
-342.508
-342.508
-342.508
-342.508
-342.508
-342.508
-342.508
-342.508
-342.508
-342.508
-342.508
-342.508
-342.508
-342.508
-342.508
-342.508
-342.508
-342.508
-342.508
-342.508
-342.508
-342.508
-342.508
-342.508
-342.508
-342.508
-342.508
-342.508
-342.508
-342.508
-342.508
-342.508
-342.508
-342.508
-342.508
-342.508
-342.508
-342.508
-342.508
-342.508
-342.508
-342.508
-342.508
-342.508
-342.508
-342.508
-342.508
-342.508
-342.508
-342.508
-342.508
-342.508
-342.508
-342.508
-342.508
-342.508
-342.508
-342.508
-342.508
-342.508
-342.508
-342.508
-342.508
-342.508
-342.508
-342.508
-342.508
-342.508
-342.508
-342.508
-342.508
-342.508
-342.508
-342.508
-342.508
-342.508
-342.508
-342.508
-342.508
-342.508
-342.508
-342.508
-342.508
-342.508
-342.508
-342.508
-342.508
-342.508
-342.508
-342.508
-342.508
-342.508
-342.508
-342.508
-342.508
-342.508
-342.508
-342.508
-342.508
-342.508
-342.508
-342.508
-342.508
-342.508
-342.508
-342.508
-342.508
-342.508
-342.508
-342.508
-342.508
-342.508
-342.508
-342.508
-342.508
-342.508
-342.508
-342.508
-342.508
-342.508
-342.508
-342.508
-342.508
-342.508
-342.508
-342.508
-342.508
-342.508
-342.508
-342.508
-342.508
-342.508
-342.508
-342.508
-342.508
-342.508
-342.508
-342.508
-342.508
-342.508
-342.508
-342.508
-342.508
-342.508
-342.508
-342.508
-342.508
-342.508
-342.508
-342.508
-342.508
-342.508
-342.508
-342.508
-342.508
-342.508
-342.508
-342.508
-342.508
-342.508
-342.508
-342.508
-342.508
-342.508
-342.508
-342.508
-342.508
-342.508
-342.508
-342.508
-342.508
-342.508
-342.508
-342.508
-342.508
-342.508
-342.508
-342.508
