-79.0142
-87.0899
-90.6122
-118.938
-118.938
-123.495
-123.495
-123.495
-143.57
-143.57
-145.269
-145.269
-145.269
-145.269
-158.495
-158.495
-158.495
-158.495
-171.623
-171.623
-171.623
-171.623
-171.623
-171.623
-171.623
-171.623
-171.623
-171.623
-171.623
-171.623
-171.623
-171.623
-171.623
-171.623
-171.623
-171.623
-171.623
-171.623
-171.623
-171.623
-171.623
-171.623
-171.623
-186.406
-186.406
-186.406
-191.418
-191.418
-191.418
-191.418
-191.418
-191.749
-191.749
-191.749
-191.749
-191.749
-191.749
-191.749
-191.749
-191.749
-191.749
-191.749
-197.641
-200.303
-200.303
-200.303
-209.147
-209.147
-209.147
-211.879
-211.879
-211.879
-211.879
-211.879
-211.879
-211.879
-211.879
-211.879
-211.879
-217.736
-218.553
-218.553
-218.553
-218.553
-218.553
-218.553
-218.553
-218.553
-218.553
-218.553
-218.553
-218.553
-218.553
-218.553
-218.553
-218.553
-218.553
-218.553
-224.911
-224.911
-224.911
-242.747
-242.747
-242.747
-242.747
-243.738
-243.738
-243.738
-263.599
-263.599
-263.599
-263.599
-263.599
-263.599
-263.599
-263.599
-263.599
-263.599
-263.599
-263.599
-263.599
-263.599
-272.653
-272.653
-272.653
-272.653
-272.653
-272.653
-272.653
-272.653
-272.653
-272.653
-272.653
-272.653
-272.653
-272.653
-272.653
-273.914
-273.914
-273.914
-273.914
-273.914
-273.914
-273.914
-273.914
-273.914
-273.914
-273.914
-273.914
-273.914
-273.914
-273.914
-273.914
-273.914
-273.914
-273.914
-273.914
-273.914
-273.914
-273.914
-273.914
-273.914
-273.914
-273.914
-283.474
-283.474
-283.474
-283.474
-283.474
-283.474
-283.474
-283.474
-283.474
-283.474
-283.474
-283.474
-283.474
-283.474
-283.474
-295.169
-295.169
-295.169
-295.169
-295.169
-295.169
-295.169
-295.169
-295.169
-295.169
-295.169
-295.169
-295.169
-295.169
-296.249
-296.249
-296.249
-300.083
-300.083
-300.083
-300.083
-300.083
-300.083
-300.083
-300.083
-300.083
-300.083
-300.083
-300.083
-300.083
-300.083
-300.083
-300.083
-300.083
-300.083
-300.083
-300.083
-300.083
-300.083
-300.083
-303.738
-303.738
-303.738
-303.738
-303.738
-303.738
-303.738
-303.738
-303.738
-303.738
-303.738
-303.738
-303.738
-303.738
-303.738
-303.738
-303.738
-303.738
-307.207
-307.207
-307.207
-307.207
-307.207
-307.207
-307.207
-307.207
-307.207
-307.207
-307.207
-307.207
-307.207
-312.643
-312.643
-312.643
-312.643
-312.643
-312.643
-312.643
-312.643
-312.643
-312.643
-312.643
-312.643
-312.643
-322.106
-322.106
-322.106
-322.106
-322.106
-322.106
-322.106
-322.106
-322.106
-322.106
-322.106
-322.106
-322.106
-322.106
-322.106
-322.106
-322.106
-322.106
-322.106
-322.106
-322.106
-322.106
-322.106
-322.106
-322.106
-322.106
-322.106
-322.106
-322.106
-322.106
-322.106
-322.106
-322.106
-322.106
-322.106
-322.106
-322.106
-322.106
-322.106
-322.106
-322.106
-322.106
-322.106
-322.106
-322.106
-322.106
-322.106
-322.106
-322.106
-322.106
-322.106
-322.106
-322.106
-322.106
-322.106
-322.106
-322.106
-322.106
-322.106
-322.106
-322.106
-322.106
-322.106
-323.744
-323.744
-323.744
-324.014
-324.014
-324.014
-324.014
-324.014
-324.014
-324.014
-324.014
-324.014
-324.014
-324.014
-324.014
-324.014
-324.014
-324.014
-324.014
-324.014
-324.014
-324.014
-324.014
-324.014
-324.014
-324.014
-324.014
-324.014
-324.014
-324.014
-324.014
-324.014
-324.014
-324.014
-324.014
-324.014
-324.014
-324.014
-324.014
-327.398
-327.398
-327.398
-327.398
-327.398
-327.398
-327.398
-327.398
-327.398
-327.398
-327.398
-327.398
-327.398
-327.398
-327.398
-327.398
-327.398
-327.398
-327.398
-327.398
-327.398
-327.398
-327.398
-327.398
-327.398
-327.398
-327.398
-327.398
-327.398
-327.398
-327.398
-327.398
-327.398
-327.398
-327.398
-327.398
-327.398
-327.398
-327.398
-327.398
-327.398
-327.398
-327.398
-327.398
-327.398
-327.398
-327.398
-327.398
-327.398
-327.398
-327.398
-327.398
-327.398
-327.398
-327.398
-327.398
-327.398
-327.398
-327.398
-327.398
-327.398
-327.398
-327.398
-327.398
-327.398
-327.398
-327.398
-327.398
-327.398
-327.398
-327.398
-327.398
-327.398
-327.398
-327.398
-327.398
-327.398
-327.398
-327.398
-327.398
-327.398
-327.398
-327.398
-327.398
-327.398
-327.398
-327.398
-327.398
-327.398
-327.398
-327.398
-327.398
-327.398
-327.398
-327.398
-327.398
-327.398
-327.398
-327.398
-327.398
-327.398
-327.398
-327.398
-327.398
-327.398
-327.398
-328.663
-328.713
-328.713
-328.713
-328.713
-328.713
-328.713
-328.713
-328.713
-328.713
-328.713
-328.713
-328.713
-328.713
-328.713
-328.713
-328.713
-328.713
-328.713
-328.713
-328.713
-328.713
-328.713
-328.713
-328.713
-328.713
-328.713
-328.713
-328.713
-328.713
-328.713
-328.713
-328.713
-328.713
-328.713
-328.713
-328.713
-328.713
-328.713
-328.713
-328.713
-328.713
-328.713
-328.713
-328.713
-328.713
-328.713
-328.713
-328.713
-328.713
-328.713
-328.713
-328.741
-330.388
-330.388
-330.388
-330.388
-330.388
-330.388
-330.388
-330.388
-330.388
-330.388
-330.388
-330.388
-330.388
-332.74
-332.74
-332.74
-332.74
-332.74
-332.74
-332.74
-332.74
-332.74
-332.74
-332.74
-337.855
-337.855
-337.855
-337.855
-337.855
-345.32
-345.32
-345.32
-345.32
-345.32
-345.32
-346.937
-346.937
-346.937
-346.937
-346.937
-346.937
-346.937
-346.937
-346.937
-347.405
-347.405
-347.405
-347.405
-347.405
-347.405
-347.405
-347.405
-347.405
-347.405
-347.405
-347.405
-347.405
-347.405
-347.405
-347.405
-347.405
-347.405
-347.405
-347.405
-347.405
-347.405
-347.405
-347.405
-347.405
-347.405
-347.405
-347.405
-347.405
-347.405
-347.405
-347.405
-347.405
-347.405
-347.405
-347.405
-347.405
-347.405
-347.405
-347.405
-347.405
-347.405
-347.405
-347.405
-347.405
-347.405
-347.405
-347.405
-347.405
-347.405
-347.405
-347.405
-347.405
-347.405
-347.405
-347.405
-347.405
-347.405
-347.405
-347.405
-347.405
-347.405
-347.405
-347.405
-347.405
-347.405
-347.405
-347.405
-347.405
-347.405
-347.405
-347.405
-347.405
-347.405
-347.405
-347.405
-347.405
-347.405
-347.405
-347.405
-347.405
-347.405
-347.405
-347.405
-347.405
-347.405
-347.405
-347.405
-347.405
-347.405
-347.405
-347.405
-347.405
-347.405
-347.405
-347.405
-347.405
-347.405
-347.405
-347.405
-347.405
-347.405
-347.405
-347.405
-347.405
-347.405
-347.405
-347.405
-347.405
-347.405
-347.405
-347.405
-347.405
-347.405
-347.405
-347.405
-347.405
-347.405
-347.405
-347.405
-347.405
-347.405
-347.405
-347.405
-347.405
-347.405
-347.405
-347.405
-347.405
-347.405
-347.405
-347.405
-347.405
-347.405
-347.405
-347.405
-347.405
-347.405
-347.405
-347.405
-347.405
-347.405
-347.405
-347.405
-347.405
-347.405
-347.405
-347.405
-347.405
-347.405
-347.405
-347.405
-347.405
-347.405
-347.405
-347.405
-347.405
-347.405
-347.405
-347.405
-347.405
-347.405
-347.405
-347.405
-347.405
-347.405
-347.405
-347.405
-347.405
-347.405
-347.405
-347.405
-347.405
-347.405
-347.405
-347.405
-347.405
-347.405
-347.405
-347.405
-347.405
-347.405
-347.405
-347.405
-347.405
-347.405
-347.405
-347.405
-347.405
-347.405
-347.405
-347.405
-347.405
-347.405
-347.405
-347.405
-347.405
-347.405
-347.405
-347.405
-347.405
-347.405
-347.405
-347.405
-347.405
-347.405
-347.405
-347.405
-347.405
-347.405
-347.405
-347.405
-347.405
-347.405
-347.405
-347.405
-347.405
-347.405
-347.405
-347.405
-347.405
-347.405
-347.405
-347.405
-347.405
-348.203
-348.203
-348.203
-348.203
-348.203
-348.203
-348.203
-348.203
-348.203
-348.203
-348.203
-348.203
-348.203
-348.203
-348.203
-348.203
-348.203
-348.203
-348.203
-348.203
-348.203
-348.203
-348.203
-348.203
-348.203
-348.203
-348.203
-348.203
-348.203
-348.203
-348.203
-348.203
-348.203
-348.203
-348.203
-348.203
-348.203
-348.203
-348.203
-348.203
-348.203
-348.203
-348.203
-348.203
-348.203
-348.203
-348.203
-348.203
-348.203
-348.203
-348.203
-348.203
-348.203
-348.203
-348.203
-349.114
-349.114
-349.114
-349.114
-349.114
-349.114
-349.114
-349.114
-349.114
-349.114
-349.114
-349.114
-349.114
-349.114
-349.114
-349.114
-349.114
-349.114
-349.114
-349.114
-349.114
-349.114
-349.114
-349.114
-349.114
-350.09
-350.09
-350.09
-350.09
-350.09
-350.09
-350.09
-350.09
-350.09
-350.09
-350.09
-350.09
-350.09
-350.09
-350.09
-350.09
-350.09
-350.09
-350.09
-350.09
-350.09
-350.09
-350.09
-350.09
-350.09
-350.09
-350.09
-350.09
-350.09
-350.09
-350.09
-350.09
-351.245
-351.245
-351.245
-351.245
-351.245
-351.245
-351.245
-351.245
-351.245
-351.245
-351.245
-351.245
-351.245
-351.245
-351.245
-351.245
-351.245
-351.245
-351.245
-351.245
-351.245
-351.245
-351.245
-351.245
-351.245
-351.245
-351.245
-351.245
-351.245
-351.245
-351.245
-351.245
-351.245
-351.245
-351.245
-351.245
-351.245
-351.245
-351.245
-351.245
-351.245
-351.245
-351.245
-351.245
-351.245
-351.245
-351.245
-351.245
-351.245
-351.245
-351.245
-351.245
-351.245
-351.245
-351.245
-351.245
-351.245
-351.245
-351.245
-351.245
-351.245
-351.245
-351.245
-351.245
-351.245
-351.245
-351.245
-351.245
-351.245
-351.245
-351.245
-351.245
-351.245
-351.245
-351.245
-351.245
-351.245
-351.245
-351.245
-351.245
-351.245
-351.245
-351.245
-351.245
-351.245
-351.245
-351.245
-351.245
-351.245
-351.245
-351.245
-351.245
-351.245
-351.245
-351.245
