0 0 0 0 0 0 0 0 0 0 0 0 0 0 0 0 0 0 0 0 0 0 0 0 0 0 0 0 0 0 0 0 0 0 0 0 0 0 0 0 0 0 0 0 0 0 0 0 0 0 26.6667 66.6667 66.6667 66.6667 66.6667 66.6667 66.6667 66.6667 66.6667 66.6667 66.6667 66.6667 66.6667 66.6667 66.6667 66.6667 66.6667 66.6667 66.6667 66.6667 66.6667 66.6667 66.6667 66.6667 66.6667 66.6667 66.6667 66.6667 66.6667 66.6667 66.6667 66.6667 66.6667 66.6667 66.6667 66.6667 66.6667 66.6667 66.6667 66.6667 66.6667 66.6667 66.6667 66.6667 66.6667 66.6667 66.6667 66.6667 66.6667 66.6667 
0 0 0 0 0 0 0 0 0 0 0 0 0 0 0 0 0 0 0 0 0 0 0 0 0 0 0 0 0 0 0 0 0 0 0 0 0 0 1.96667 1.36667 0 1.96667 1.36667 6.06667 11.9667 10.1667 15.3 21.9667 23.3333 21.3667 35.3 38.8 40 52.7333 50.6 55.3 60.6 58.6333 63.9333 65.3 66.6667 66.6667 66.6667 66.6667 66.6667 66.6667 66.6667 66.6667 66.6667 66.6667 66.6667 66.6667 66.6667 66.6667 66.6667 66.6667 66.6667 66.6667 66.6667 66.6667 66.6667 66.6667 66.6667 66.6667 66.6667 66.6667 66.6667 66.6667 66.6667 66.6667 66.6667 66.6667 66.6667 66.6667 66.6667 66.6667 66.6667 66.6667 66.6667 66.6667 
0 0 0 0 0 0 0 0 0 0 0 0 0 0 0 0 0 0 0 0 0 0 0 0 0 0 0 0 0 0 0 0 0 1.06667 0 0.666667 3.86667 5.2 2.26667 2 3.46667 3.73333 14.8 15.4667 12.1333 21.0667 25.0667 24.9333 24.1333 32 33.2 36.9333 40.9333 39.7333 46.8 48.2667 54.4 54 56.4 56.5333 60.1333 65.6 63.8667 65.7333 65.7333 64.8 65.7333 66.6667 65.7333 66.6667 66.6667 66.6667 66.6667 66.6667 65.7333 66.6667 66.6667 66.6667 66.6667 66.6667 66.6667 66.6667 66.6667 66.6667 66.6667 66.6667 66.6667 66.6667 66.6667 66.6667 66.6667 66.6667 66.6667 66.6667 66.6667 66.6667 66.6667 66.6667 66.6667 66.6667 
0 0 0 0 0 0 0 0 0 0 0 0 0 0 0 0 0 0 0 0 0 0 0 0 0 0 0 0 0 0.4 0.666667 0.4 0 1.96667 2.26667 0 1.83333 1.43333 4.46667 12.0667 8.63333 8.43333 15.2333 14.6333 13.2333 19.3 24.1 25.5333 28.9 29.2667 33.9667 32.4333 38.9333 40.4667 37.8333 43.2667 48.2333 53.3333 54.1333 56.5 54.2333 58.8667 60.7667 65.9 59 62.9 65.7333 65.2333 66.6667 66 65.4667 65.8667 66.2667 66.2667 66.6667 66.6667 66.6667 66.6667 66.2667 66.6667 66.6667 66.6667 66.6667 66.6667 66.6667 66.6667 66.6667 66.6667 66.6667 66.6667 66.6667 66.6667 66.6667 66.6667 66.6667 66.6667 66.6667 66.6667 66.6667 66.6667 
0 0 0 0 0 0 0 0 0 0 0 0 0 0 0 0 0 0 0 0 0 0 0 0 0 0 0 0.933333 0 2 1.53333 1.93333 2.6 1.5 5.26667 3.1 2.36667 5.8 9.86667 8.66667 9.66667 15.6 14.4667 15.3333 24.4667 17.6 24.2667 30.8667 29.8333 31.3 31.6 35.9333 35.9 38.8 41 50.6667 50.5 43.4667 52.6333 56.4 54.7667 60.6667 64.5 54.4 57.3333 62.6333 64.9667 65.1333 64.3333 65.6 65 64.4 65.1333 66.6667 66.6667 66.6667 66.6667 66.6667 66.6667 66.6667 66.6667 66.6667 66.6667 66.6667 66.6667 66.6667 66.6667 66.6667 66.6667 66.6667 66.6667 66.6667 66.6667 66.6667 66.6667 66.6667 66.6667 66.6667 66.6667 66.6667 
0 0 0 0 0 0 0 0 0 0 0 0 0 0 0 0 0 0 0 0 0 0 0 0 0 0 1.83333 0.466667 0.766667 0.733333 0.8 2.16667 2.16667 5.66667 4.96667 7.56667 8.63333 4.9 14.9 9.23333 8.16667 16.2 23.6333 20.9 16.8333 20.8333 30.4 31.9667 32 31.8 32.1667 37.3 35.1667 36.8333 39.6 41.3333 41.1667 42.3 51.6333 48.5667 50.4333 54.2667 52.1333 57.0333 61.1 62.2333 63.9333 62.7667 62.9667 62.9333 65.2667 63.1667 66.6667 65.8667 66.6667 66.6667 65.9 65.9 66.6667 66.6667 66.6667 66.6667 66.6667 66.6667 66.6667 66.6667 66.6667 66.6667 66.6667 66.6667 66.6667 66.6667 66.6667 66.6667 66.6667 66.6667 66.6667 66.6667 66.6667 66.6667 
0 0 0 0 0 0 0 0 0 0 0 0 0 0 0 0 0 0 0 0 0 0 0.833333 0 0.666667 1.36667 0 0 1.73333 0.5 2.9 0 5.3 5.23333 3.53333 5.13333 3 12.2 9.83333 14.0667 18.3 16.7667 14 23.4 24.3667 27.3 28.2 34.4667 31.3333 32.3333 32.7667 34.3333 33.1333 32.1 34.1667 39.1 43.3 42.8667 42.5667 45.5333 47.2333 50.3667 49.9 58.5333 54.0333 56.1667 59.8333 63.3667 64.3 65.3 66.6667 65.6667 66.6667 66.6667 66.6667 66.6667 66.6667 66.6667 66.6667 66.6667 66.6667 66.6667 66.6667 66.6667 66.6667 66.6667 66.6667 66.6667 66.6667 66.6667 66.6667 66.6667 66.6667 66.6667 66.6667 66.6667 66.6667 66.6667 66.6667 66.6667 
0 0 0 0 0 0 0 0 0 0 0 0 0 0 0 0 0 0 0.833333 0 0 0 0 0 0.733333 1.3 0 0.466667 0 1.43333 2.73333 0.833333 1.13333 1.86667 3.13333 9.13333 8.4 13.8333 9.63333 17.2333 14.5333 20.5667 20.3667 25.1333 28.4 31.3667 33.6 28.8 33.7333 31.6 33.4333 35.0333 35.0333 34.0667 37 37.6 39.8667 43.4667 40.8 43.3333 45.7333 53.5 54.7 54.8333 57.3333 52.9667 62.7667 63.6333 62.8333 64.0667 64.1667 62 66.6667 65.2333 65.0333 66.6667 66.6667 66.6667 66.6667 66.6667 66.6667 66.6667 66.6667 66.6667 66.6667 66.6667 66.6667 66.6667 66.6667 66.6667 66.6667 66.6667 66.6667 66.6667 66.6667 66.6667 66.6667 66.6667 66.6667 66.6667 
0 0 0 0 0 0 0 0 0 0 0 0 0 0 0 0 0.633333 0 0 0 0.233333 0.833333 0 1.43333 0.666667 2.96667 0 1.1 1.33333 1.76667 4.23333 1.46667 6.7 6.9 3 4.8 9.93333 8.03333 6.06667 11.4333 12.0333 20.3667 23.7667 25.8667 24.6667 26.6 24.2 26.3667 30.2667 30.8333 31.1667 34.2667 37.4667 39.5333 34.4333 37.0333 37.1 41.6333 43.1333 46.5 40.1667 47.8 52 52.3333 55.8333 62.2667 60.0333 60.0333 59.3667 61 62.4333 62.5667 63.1 63.2 66.6667 65.7333 66.0667 66.3 66.0333 66.3 66.3 66.6667 66.6667 66.6667 66.6667 66.6667 66.4333 66.6667 66.6667 66.6667 66.6667 66.6667 66.6667 66.6667 66.6667 66.6667 66.6667 66.6667 66.6667 66.6667 
0 0 0 0 0 0 0 0 0 0 0 0 0 0 0.866667 0 0 0.4 0.866667 1.76667 0 2.46667 2.13333 1.56667 0 4.43333 2.86667 3.93333 4.5 5.3 6.33333 5.13333 7.3 10.6333 6.8 14.6 16.2333 23.6667 18.6667 20.6 22.7333 24.7 20.5667 25.1667 30.4 30.8333 29.5667 31.5333 34.3333 33.2667 33.8333 36 31.5667 35.0333 37.2667 38.9667 41.6333 44.8667 43.2 43.8667 44.8333 47.7333 47.3667 50.3333 53.4667 56.9333 54.8667 60.8667 55 58.0667 62.7 61.8333 61.7333 63.1 64.2 65.8 63.4667 64.4333 64.7 66.6667 66.6667 65.8 66.6667 66.6667 66.6667 66.6667 66.6667 66.6667 66.4333 66.6667 66.6667 66.6667 66.6667 66.6667 66.6667 66.6667 66.6667 66.6667 66.6667 66.6667 
0 0 0 0 0 0 0 0 0 0 0 0 0 0 0 1.1 1.33333 0 1.4 3.16667 1.16667 3.23333 4.53333 5.36667 3.5 3.76667 14.0333 6.86667 9.76667 6.86667 10.3333 12.5 16.9 15.6333 22.2 21.6333 25.6 18.3333 27.3667 24.5333 28.2 29 27.1 27.3 30.9333 30.8667 32.9333 31.3333 30.6333 32.0333 34.2667 34.7 33.7333 33.8 34.3333 37.9 35.2333 36.5333 33.1333 38.0333 40 42.7333 43.8667 45.3667 44.3 46.9 50.5667 47.5 53.0667 54.3667 54.3 59.8 60.6 57.8333 55.8 56.9 63.6333 64.8333 63.0667 61.8333 63.6667 66.6667 66.6667 66.6667 65.3 65.6 66.6667 66.6667 66.6667 66.6667 66.6667 66.6667 66.6667 66.6667 66.6667 66.6667 66.6667 66.6667 66.6667 66.6667 
0 0 0.133333 0.0666667 0.333333 2.93333 0.466667 1.6 3.63333 5.73333 3 7.5 4.36667 4.46667 7.16667 8.46667 13.9333 9.76667 9.76667 9.9 14.0667 15.3 8.53333 16.6667 11.2 14.8667 14.1333 13.7333 14.1333 18.2 15.7 20.5 20.4 22.2 20.2 24.8333 24.7333 24.8667 25.2667 28.1 26.5667 29.5333 27.3667 29.0667 30.2667 30.4667 29.9667 32.3333 29.9333 33 31.8667 34.7333 32.7667 35.1333 30.9667 34.2667 32.3 34.8333 37.6333 37.4667 34.6333 36.3 42.6333 37.3333 44.1333 42.1333 43.3667 47.3333 46.0667 45.4333 43.9333 45.1 50.3667 54.9 50 50.9667 51 56.2667 49.6333 57.5667 53.6333 56.2333 56.6333 60.1667 57.9 61.4667 57.5333 62.6667 56.2333 64.0667 65.3667 66.6667 64.0667 66.6667 66.6667 66.6667 65.3667 66.6667 66.6667 66.6667 
0 0 0 0.266667 0.266667 1.1 2.23333 0.966667 1.93333 1.23333 3.9 2.76667 4.86667 8.6 2.96667 7.76667 5.76667 3.96667 6.03333 4.53333 7.33333 6.06667 9.6 10.6667 7.36667 12.6333 10.6 9.06667 11.8667 11.8333 15.3333 14.7 15.2 18.6667 19.1 19.4333 17.4667 18.1333 21.5667 20.1 22.3 27.5 23.8 26.3333 28.4 26.5 29.7333 26.9333 30.4667 29.3667 34.9 35 34.6667 32.7 38.4333 38.2667 36.1667 42.3667 44.2333 41.3667 41.3333 44.1333 47.0333 40.8667 47.3 47.6 49.6667 49.3 49.2667 50.2667 53.4667 50.6667 53.3667 58.4667 54.4333 53.5667 52.5667 56.5667 57.2667 53.5 56.5667 58.3667 57.6667 59.5667 59.5667 61.4667 62.5667 59.4667 61.4667 62.4667 60.4667 65.4667 65.4667 64.5667 66.6667 64.6667 66.4667 66.6667 66.6667 66.6667 
0 0 0 0 0 0 0 0 0 1.36667 1.36667 0 0 1.16667 0 1.16667 2.26667 2.8 0 5.26667 1.36667 1.33333 2.8 7.1 9.46667 6.56667 7.1 13.9333 14.1333 17.9667 15.6667 17.8 18.2 22.6 22.7667 27.9 28.8 28.6 26.0667 29.4667 27.4 30.2333 29.8333 31.1333 31.0667 31.4333 31.4 32.2 31.4667 34.2333 33.0667 33.5333 31.9 34.5333 32.7333 36.0333 36.7333 35 34.6667 36.8667 34.9667 37.3667 39.2 37.8333 38.2667 43.2333 47.5 44.6 44.6 42.9 47.6333 49.7667 52.3667 50.0333 54.6667 54.6 59.4333 59 59.4667 57.0667 58.6333 65.3 63.7667 60.8333 66.6667 65.5667 65.3 66.6667 66.6667 66.6667 66.6667 66.6667 66.6667 66.6667 66.6667 66.6667 66.6667 66.6667 66.6667 66.6667 
0 0 0 0 0 0 0 0 0 0 0 0 0 0 0 2.16667 1.43333 1.23333 0 0.966667 3.63333 2 4.23333 1.53333 4.96667 7.56667 9.9 13.6667 7.76667 17.7667 14.6667 15.5667 19.2667 18.2 20.1 23.2667 26.2 26.1667 28.6 25.9333 27.2667 25.9667 30.0333 30.0667 32.2 32.1 30 33.4333 32.5667 30.4333 32.4333 33.2333 33.8667 34.9 35.4333 34.6333 37.9667 37.2667 37.3333 37.7333 41.2 40.4 41.8667 41.6 44.7333 48.5333 48.5 47.6667 49.1333 47.3667 52.9 49.2333 53.2 58.2333 57.8333 55.0667 59.0333 63.1333 62.9667 64.2 64.1667 65.5333 63.9 66.6667 64.1333 66.6667 66.6667 66.6667 66.6667 66.6667 66.6667 66.6667 66.6667 66.6667 66.6667 66.6667 66.6667 66.6667 66.6667 66.6667 
11.8333 12.3333 12 12.5 12.5 11.8333 12.5 12.6667 12.3333 12.1667 12.6667 13.1667 12.3333 12.6667 12.5 11.8333 12.6667 12.6667 12.3333 12.3333 11.6667 12.9333 12.8333 13.7667 12.9667 14.1333 14.6667 13.4667 13.7333 13.5667 15.9667 15.6333 17.9333 16.7 15.9333 17.7 18.3333 17.7 24.7667 21.9333 25.0667 25.1667 25.3 26 31.1333 30.6 33.9667 29.7333 25.8333 32.7 36.2667 33.9 33.7667 38.5333 34.6 40.0667 41.4667 40.5667 43.7 38.7333 45 48.5333 45.3 47.7333 49.1667 51.4333 50.3333 50.4667 54.1333 50.7667 48.3667 54.7333 54.5 54.3333 54.8 55.1 54.7667 54.7 54.6 53.4333 55.2 55.3667 54.9333 55.6667 54.3 54.8667 56.1667 55.7667 55.5667 55.1 55.9333 55.6333 55.1333 55.4333 55.6333 55.5667 55.9333 55.7 55.5333 55.8333 
0 0 0 0 0 0 0 0 0 0 1.13333 0 0 2.9 2.96667 2.76667 2.96667 2.73333 6.5 4.63333 2.86667 8.56667 4.2 12.6667 14.5667 14.2 16.5667 22.8333 23.1333 19.1333 22.0333 20.1667 25.5667 27.1 25.7667 30.6333 30.5333 29.9 28.0667 30.3 30 30.5667 30.8333 30.1333 31.8667 31.1 32.1333 30.5667 31.1667 32.9667 31.6 30.5667 31.9667 31.6667 33.5667 33.2333 33.8 32.1667 33.5333 33.9 34.3 33.7667 36.8667 36.3 36.6333 34.4667 35.5333 39.7667 35.6333 41.6667 38.8 44.3 47.8333 43.8667 48.6 45.1667 44.8333 52.0667 56.9 63.7 57.2667 57.7 60.5 56.7 62.0667 63.8667 66.6667 62.8 64 66.3333 65.1 66.6667 66.6667 66.6667 66.6667 66.6667 66.6667 66.6667 66.6667 66.6667 
0 0 0 0 0 0 0 0 0 1 1.2 2 0 4.06667 3.16667 4.4 3.1 3 4.2 8.83333 7.13333 5.96667 11.1 11.0667 13.1 14.1667 12.9333 19.1 14.9 18.1333 21.5 18.0333 20.1667 20.6 24.8333 23.3333 27.4333 21.1667 25.1 24.9 28.4333 25.0333 29.8333 32.7 29.8667 32.6333 31.3333 31.6333 32.1 35.2667 31.5667 30.8667 34.7333 33.5667 34.2 34.1667 33.9333 37.0667 37.7 38.1667 40.1667 37.0667 40.6667 38.2667 44.9667 40.4 46.8667 45.6333 44.0667 46.5333 46.6 45.8667 48.9 49.7667 51.5 54.6333 49.9 54.6333 57.8 56.4 56.1333 58.4 63 61.8667 63 65.5 64.8333 64.3333 65.5 66.6667 65.6667 66.6667 66.6667 66.4667 66.6667 66.6667 66.6667 66.6667 66.6667 66.6667 
0 0 1.13333 3.8 6.13333 11.6 6.86667 9.2 15.3333 19.7333 12.7667 16.9667 18.3667 18.4 19.4 18.2 17.8 24.6 22.1 26.0667 22.1 29.2 27.7 27.1667 28.0667 27.6667 29.3 28.7 31.4333 30 31.5333 30.7333 31.6667 31.6667 31.6667 32.4667 33.4 32.7667 32 33.3667 32.7667 32.6 32.7667 31.9667 33.4667 32.7333 32.9333 34.5333 34.2333 34.3 35.5333 34.2333 34.7667 34.6333 36.2667 33.7333 35.7667 35.8 37.5333 33.6667 36.3667 35.0333 36.5667 37.2667 35.7 38.0333 36.8667 36.5 39.4 38.7667 38.7333 38.7333 36.0333 41.1333 40.3667 38.0333 39.6 39.7667 44.0333 43.4667 45.1667 48.7333 47.8333 42.8333 45.2 50.2333 56.8333 47.3667 50.1 57 56.1 57.4 57.8 65.2667 65.1 65.1 66.6667 66.6667 66.6667 66.6667 
10.4 10.8 10.6 11 10.9333 10.7 10.8 11 10.9 10.9 10.7 10.9 11.1667 10.9 10.7 10.6333 10.5 10.9333 11.2333 10.1 11.4333 13.1 11.5333 13.1333 12.7667 12.1667 13.8333 15.9333 16.5333 14.8333 17.7 17.4667 16.1 15.4 22.1 19.9 22.1 23.9 23.1333 25.6667 22.5333 26.3333 29.6 30.3 30.1 29.5333 29.2333 31.3 31.2 31.5667 30.1 32.9 33.2667 36.9333 31.7667 36.6 35.0667 38.1 37.9667 37 43.3 38.9333 40.0667 39.8667 36.9667 42.1333 44.9667 42.8 46.9667 44.6667 45.6 49.9333 51.1 52.4 51.8 48.6 53.1 54.8333 54.8667 53.4667 54.4 56.8 55.8667 57.8667 57.7 57.9667 58.2667 59.1333 59.3 59.2 59.0333 59.3667 59.7 59.6333 60 59.8667 59.9333 60.1667 60 59.6 
3.2 3.4 3.3 3.66667 3.73333 3.83333 4.06667 3.96667 3.96667 4.06667 3.9 4.63333 5.5 4.8 5.46667 3.9 4.83333 5.93333 5.3 5.26667 8.33333 7.03333 8.5 7.56667 9.63333 12.4 12.7333 14.1 15.6 14.9667 13.7667 13.1667 18.5333 20.4333 15.8667 19.4 23.2 22.4 21.7333 24.6667 25.0333 25.6333 25.5333 27.4 26.8 30.2 31.4333 28.8333 32.6333 28.8 34.1 34.7333 31.9 39.0667 35.2333 35.4333 34.5333 40.4 41.9333 36.6667 44.3333 41.8333 43.2333 41.0333 40.1667 46.6667 44.1333 47.9667 46.3333 48.0667 52.4 50.8333 52.9333 52.8333 56.1 52.4667 55.7333 56.5667 60.7333 57.6 61.5333 60.7667 62.4 62.3 63.5 62.5 63.1667 61.5333 63.4 63.5667 63.7667 64.0667 64.4 64.0667 64.0667 64.4667 64.3333 64.6667 64.6667 64.6667 
0 2.3 1.33333 0.166667 5.36667 3.43333 2.7 2.46667 7.73333 10.3667 8.6 3.93333 10.2667 13.0333 9.86667 15.4333 12.8333 17.8333 15.2333 15.9 17.4 17.1333 16.9 19.1 21.4333 22.9 23.3333 25.1333 20.4667 29.0333 27.8 27.0667 25.7333 27.2 29.7 28.9 27.9 27.7667 30.7333 31.6667 30.4333 31 31.8667 29.9667 32.0667 32.8667 31.3 32.4 32.5333 32.8 32.4333 34.3667 32.8333 32.3 33.2667 36.4333 34 36.2333 38.6333 35.2667 34.7 41 39.6333 38.7333 38.4333 40.4667 41.8 43.7333 43.3 45.6333 45.6667 45.5333 49.0333 47.1333 48.1 53.6333 49.7333 53.6667 53.5667 55.9667 56.5333 57.5333 58.3667 58.0333 60 56.6667 59.8 62.2333 61.6 61.0333 62.8667 63.1333 63 63.5667 64.9333 64.4667 64.8667 64.3 65.4667 66 
5.33333 6 5.33333 6.2 7.3 7.86667 8.53333 7.33333 8.53333 10 6.36667 9.26667 9.6 11.1333 12.2 15.7 12.5333 15.6 13.9 20.1 20.4 17.8667 19.7667 18.7 21.8 24.6 21.8333 20.1667 17.9667 22.6667 28.1 25.1667 27.8333 25 27.1667 26.9333 29.4667 29.5333 27.6 29.8 30.8 33.5667 32.8667 30.6667 31.6 30.7667 32.8 30 32.5 32.5667 33.5667 32.9333 34.7333 37.5333 34.3333 36.4667 37.3 36.6333 38.3333 39.9667 38.0667 40.4 40.0333 40.7 41.2 39.1 42.2667 42.5333 42.8 44.1667 44.4667 48.5667 48.3 48.6667 49.9333 47.5667 49.6667 57.1333 48.9667 53.5667 55.5667 52.1333 56.0333 56.6333 57.1667 57.3333 59.9 61.0333 59.9667 63.7 61.9667 63.0667 61.1667 62.1 65.6 63.8667 64 64.9 65.6667 66.1 
0 3.26667 5.6 11.2 6.93333 7.43333 14.4667 11.0333 12.0667 12.6333 8.53333 16.3667 17.5667 13.2667 14.1667 16.1667 14.8333 18.1333 18.2667 18.8 18.4667 18.6 19.1 19.3333 18.3333 17.2 18.3 20.3333 20.3 20 20.5667 21.0333 22.8 22.2333 23.4333 23.5333 24.1667 26.4667 29.3 25.8333 32 30.5 30.0333 25.9667 27.1 29.0667 32.6333 32 33.5 33.1333 35.3 32.6333 38.3333 37.1333 37.0667 39.4 40.5667 39.6333 39.6 40.3667 42.4667 40.6 43.2667 44.8667 43.4333 43.0667 45.0333 44.8 43.9 45.3333 45.2667 47.5667 48.9667 46.3667 49.8333 48.1333 48.3667 50.2333 48.2333 51.1333 50 56.0667 52 51.7333 57.2 56.1667 53.1 57.3333 58.8333 59.0667 60.0333 62.1 63.9667 61.8 65.1 64.2667 65.8333 66.5667 66.6667 66.6667 
13.6333 13.5333 13.3333 13.4333 13.6333 13.1333 13.6 14 13.9333 14.0333 13.9333 13.5333 13.2667 13.6333 13.6333 13.4333 13.5333 14.1333 13.6333 13.6667 13.9333 14 13.9 14 15.2 14.9667 15.0667 14.8667 15.3667 17.7 14.9 18.6 17.1 21.0333 17.6 19.9667 19.3 22.2333 24.1333 23.3667 24.8667 23.2 28.2667 25.4667 28.7667 27.9333 31.5667 31.4333 33.8667 32.4 34.7 34.2667 34.4333 32.1667 37.0667 34.5333 34.4667 35.7333 38.3667 41.5667 41.0667 39.2333 37.7333 40.3667 41.2 42.9333 43.6667 41.7667 45.1667 44.5333 42.9 43.4333 44.7333 48.0333 48.1 48.2667 48.6 47.5 49 50.9667 48.9 51.4333 49.9 50.8 50.7667 52.2 51.6333 51.7 52.4 52.3 51.7 52.2 52.1667 52.2667 52.1333 52.3333 52.3 52.1333 52.4667 52.2667 
2 2.73333 4.03333 7.2 8.06667 10.6667 11.1333 11.6 8.76667 10.3667 10.9667 17.2 16.8667 13.2 15.7333 13.9 18 18.0333 19.7 17.4333 18.2 19.3667 19 20.7667 18 22.3 20.9 21.9667 22.5333 23.3333 22.9 24.9333 24.5333 24.1 23.6 24.7333 27.5333 26.7 26.5 25.4333 29.0333 26.8667 28.5 28.1667 29.5667 30.8333 30 32.4667 33.3 32.4333 33.4333 32.3 35.1333 30.3667 33.4 33.7 35.9 37.3 33.0667 37.1667 38.0333 38.1 37.1 39.5333 36.5333 40.4 37.9667 39 41.4 40.2333 43.7667 45.0333 43.1667 43.6 44.3333 44.9667 43.3 49.2 46.6667 48.3667 47.2 48.4 48.2 48.5 47.9333 47.4333 47.4 48.5667 48.1333 49.2667 48.5 49.2 49.5333 48.8 49.6 49.3333 48.6667 49.2 49.6 48.8 
18.0333 17.8333 18.5333 17.8667 17.7667 17.3333 18.3667 17.2333 17.8333 17.7 17.9667 18.4667 17.9333 17.1333 18.0333 18.3667 17.7667 19.5 19.3 19 18.7333 19.0667 18.8333 20.8667 20.2333 18.5667 20.6 20.0333 19.1667 20.7 20.8333 23.4333 21.6 22.1333 23.7667 28.1667 23.2333 25 23.7333 27.8333 26.9667 23.2333 30.7333 26.7 29.0667 30.8 30.2667 31.0667 30.2 31.6667 34.3333 33.1333 32.7667 39.6333 41.0667 38.5667 38.9333 35.2333 38.5 43.4 40.7 40.6333 40.8667 44.2333 48.4667 45.4333 47.6333 46.5333 45.6667 47.3667 46.0667 50 48.3 49.4667 50.3 50.5333 50.4667 50.4 50.0333 51.2333 50.5667 49.9 50.2667 51.5333 52.2667 51.4 52.1 51.8667 52.4333 52 52.5667 53.0333 54.8333 53.3333 53.9 53.4333 52.4 52.7333 54.4 53.3 
18.9333 19 18.4667 18.8667 18.8 18.6667 18.5333 18.9333 18.6667 19 19.9 19.2 19.4667 19.8 18.7333 19.4333 18.8 20.5333 20.6 20.3333 19.2 20.7 21.3333 19.8333 19.5667 22 22.0667 23.2333 20.8333 20.7667 27.2 22.4667 23.7333 25.1 25.6333 24.0333 25 26.5 28.2333 26.7667 28.7333 24.8333 28.3667 30.4 33.4667 30.5667 29.2333 28.1 31.4333 28.1667 34.5 33.1333 31.5667 35.1333 33.4 34.7 35.2667 38.0667 33.3 36.1 35.2333 35.1 37.2333 36.9667 35.7333 36.7 39.4333 35.2 38 38.6667 41.5667 40.1667 39.5333 40.9333 41.6667 39.2 41.7667 42.6 44.7 44.1 42.4667 41.5333 44.2 42.6667 47.6667 46.2667 46.5667 46.8333 47.0333 46.8667 46 47.4 49.9 50.6333 48.1667 49.3667 50.5333 48.6667 48.4 49.7 
19.0333 18.4667 19.1333 18.5667 18.6 17.9667 18.4 18.5667 19.4333 18 18.5333 18.5667 18.9333 18.8 18.5 18.0333 19 18.0667 18.8 18.4667 19.9 17.8 19.8 18.9667 20.6333 18.9 20.1 19.4 19.4667 19.4333 21 19.8667 21.4333 23.9667 20.3667 22.0667 24.1 22.5667 22.5333 21.5 26.7 27.4 29.4 27.8 27.5667 28.6333 31.9667 29.4 31.4333 28.7 33.7667 32.3 28.1 32.1 35.4667 35.1333 35.8667 36.5 34.1333 39.0667 34.1333 36.6333 41.6667 44.6 44.2333 40.1333 41.4333 42.3333 40.1333 42.2 44.2 44.3333 43.2667 43.8 45.9667 46.3333 47.0667 45.1 46.9667 46.5333 46.4 44.3 48.7 48 47.4 47.8 50.2667 48.1667 48.1667 50.2667 51.1 50.9 51.1667 51.0333 49.1 51.2 49.2667 54.5333 51.7667 50.7667 
5.43333 5.46667 5.93333 5.5 5.56667 6.23333 6.9 7.23333 7.56667 6.03333 7.1 9.96667 6.33333 8.56667 8.86667 13.0667 13.6333 11.5667 12.4667 12.2333 12.7333 13.7667 14.2 17.8667 14.4333 21.4333 15.0667 19.6333 19.1333 20.6 20.7333 20.1 22.3667 26.6333 25.2 24.2333 29.1667 25.1 25.1333 28.9667 30.0333 26.9667 31.2 28.2333 30.7667 31.2667 30.7667 30.6333 32.7333 32.5667 32.5 34.4 32.4333 37.4 34.7333 34.9 35.3333 35.9333 35.1 37.8 39.4667 36.6667 36.5333 38.4 39.6333 40.0333 40.2333 40.1667 38.6 39.8 41.0333 41.8333 41.4 40.5 45.8333 43.4 41.4 45.1 44.9667 42.4667 45.4333 44.3667 46.1333 43.9333 42.6667 47.2667 46.4 43.8333 46.2333 45.5333 47.2 45.5333 48.9333 46.1 45.0667 44.5667 47.2667 45.8333 48.1333 50.3333 
13.1667 13.1333 13.4 13.8333 13.5667 14.3333 13.4333 13.4333 15.2333 14.3 15 15.2667 18.3333 15.9333 16.5667 17.4 16.8333 17.3 18.3667 20.9 18.7667 18.9333 23.2333 19.6 23.3 19.9333 21.9333 23.2 23.4333 24.8333 24.2333 24.0667 24.8 24.4 27.8667 29.6333 29.1333 29.8667 27.9333 30.8667 30.7333 30.6 29.6667 32.1667 33.2667 32.1 34.4667 32.8333 33.7 33.6333 34.6 36.3 36.6667 34.8667 34.7667 36.8333 36.5 38.2 38.8333 37.2333 41.2 39.9667 41.4333 38.9667 42.2333 45.6 40.2667 46.5 44.6333 47.6333 45.7 48.6333 47.9667 46.8 47.8333 47.2 48.9333 47.9333 54.3 54.1333 53.0667 55.5667 56.2667 55.6667 56.6 57.2333 58.6333 58.1333 57.5 58.6667 59.8667 58.3333 59.2667 60.6 61.6667 60.8667 61.6667 62 62 62.3333 
19.5 21.3 20.4333 22.3333 21.0667 21.3 20.6667 20.6 21.5667 23.5667 23.3 22.7667 22 23.5 22.7333 23.3 22.6667 23.9 25.9333 24.9667 28.0333 24.5333 25.3 26.8333 27.1 27.7 27.4667 27.1 26.1667 29.2333 27.1 29.2333 29.9 29.6333 30.7 29.6 31.1667 30.6333 29.2667 30.7667 33.1333 32.7667 32.1667 34.6 36.0667 34.3 35.5 32.4 34.1667 35.5 36.2667 36.9 36.5 38.1 38.5 36.4 38.3333 37.1333 38.1 39.2333 39.4 40.5 39.6667 40.5667 42.0333 41 39.9 40.1 42.2 41.7333 41.6 42.6 42.5 43.1667 43.9333 44.1333 43.1 44.9667 42.8667 44.2333 44.1667 45.1667 45.7 45.3667 45.3 45.9667 45.9333 45.5667 45.8333 45.4667 46 45.9667 46.8333 46.4667 46.1667 46.5 46.1333 46.6333 46.6667 46.6 
17.3 17.2667 17.2667 17.2333 16.9333 17.6333 17.0333 17.3667 17.2 16.8333 16.7 16.8 16.8333 17.0667 17.1 16.3 17.2667 17.5333 17.2667 18.2 17.4 18.4667 17.9667 17.5 19.8333 19.4333 19.8 20.2667 18.1 18.9667 20.2667 19.2333 22.0667 21.6667 21.0667 24.5333 22.5333 21.6333 23 23.0667 25.4 29.2 31.1333 27.4667 32.2 28.1 31.4667 32.3 35.3667 36.3 36.4333 42.9667 39.1667 40.8333 39.7667 41.6333 43.8 43.8667 40.2 44.3 42.1333 43.1667 46.9 45.6667 46.3 46.9 48.1 47.1 48.6 49 49.5 49.3 50.3333 50.2 48.8667 51.2667 50.1667 50.7333 50 50.4 51.6333 51.1 50.6333 51.5667 50.4 52.0333 51.2667 51.2 51.3333 50.5667 51.7667 51.6 51.1667 51.3 52.1 51.4667 52.0667 51.3 51.1333 51.2667 
15.9 15.0667 14.8667 15.0667 15.1667 15.0333 15.2333 15.1333 15.5 15.3 16.1667 15.8 16.1667 15.4333 16.5 16.0333 15.4667 16.6667 15.9667 16.9333 17.1 17.8667 16.5 18.5333 17.8667 18.2333 17.7333 16.8 20.5667 20.0333 22.6333 19.9 21.2667 21.5 21.9333 22.8333 27.0667 24.1667 22.7667 24.7333 26.2333 27.7667 27.1 28.8 28.4667 27.3 30 33.2667 29.2 32.7333 32.6333 40.2333 35.2 38.6 36.0333 38.4667 38.2 38.7667 41.2333 42.2 42.7333 45.0333 40.3667 44.7333 45.8667 47.4333 47.3333 48.4667 47.4333 48.4667 47.3333 48.5333 48.1667 48.8 49.5667 48.9 48.7667 50.1333 49.9333 49.6333 49.5 49.9 50.6667 49.2333 50.5667 51.1667 50 51.3333 50.7667 50.1667 50.0333 51 50.9 50.9333 51.0333 51.4333 51 50.6667 50.7333 50.7667 
8.1 8.33333 8.7 8.23333 8.46667 8.1 8.73333 8.7 8.33333 8.76667 8.6 8.56667 9.53333 9 10.2 11 11.1333 12.0333 12.4 11.1333 10.2667 13.5333 13.8333 12.9333 16.3333 12.9333 17.1 14.1 16.6 18.8667 19.5 18.5667 17.8667 22.3333 22.1333 26.8667 26.6 29.8333 22.6333 27.9 30 29.2667 27.8 29.7 32.1333 32.6 31.6 32.3333 33.4667 33.9 32.4333 34.4 36.9 36.2 37.3333 37.4 39.2 40.1667 37.1333 38.7667 40.0333 41.9 40.6 38.2333 42.0333 43.3667 42.2333 43.6333 41.4667 43.5 44.6333 41.6333 45.7667 44.8 44.9667 43.6667 44 48.2 47.3333 45.2333 47.3667 46.5 46.6667 46 46.2667 46.0667 46.4 49.7 46.8667 46.7 47.9333 48.6333 48.2 52.4667 46.8 49.5667 46.7667 48.5 47.4667 45.1667 
24.1 23.7 25.8667 24.5667 24.4333 25.3 24.4333 25.2 25.9333 25.1667 26.9333 26.7 25.2333 25.9333 27.6333 29.6 27.8333 27.4 27.0667 28.9 30.2667 29.7667 29.6667 28.0333 27.8667 29.1333 30.0333 29.6667 29.7 27.9 30.6 29.6667 31.6 30.7 31.7333 31 32.5 29.7333 31.7667 31.2333 31.7667 32.6 32.6333 32.1667 34.1 33.5 33.1333 32.0333 34.6333 32.4333 35.1667 34.3 33.3 33.3 32.9333 34.6667 34.5333 36.1667 34.8333 34.9667 34.6333 34.4333 35.7667 35.8 35.5333 34.2667 35.8333 36.6667 35.2667 35.4667 35.9333 34.8667 37.1667 36.3 37.2 37.2667 37.5333 39.3 38.8333 39.5667 37.3667 38.6667 37.5333 38.1667 38 41.6 40.1333 40.2333 40.1 39.3 43.3667 41.5667 41.1 40.3 46.4667 43.8333 43.7 43.6 53.8667 53.4 
22.2333 23.8667 22.3667 22.9333 22.9 23 23.8667 22.0333 23.7667 23.7 24.1667 23.6333 23.3667 24.5667 23.3667 23.8333 23.2667 25 25.3 23.8333 26.4 24.8667 25.3333 25.6333 24.2667 26.1 26.2333 24.8 26.8333 26.8667 28.1 27.2333 27.2 28.2667 30.4 29.6 29.8667 28.3667 29.9667 28.4667 31.9667 31.7333 28.9 32.1333 32 32.8667 34.3 32.5667 34.7 29.9333 31.9333 33.7333 33.7333 36 34.5 37 36.8 37.2667 38 37.2 38.7 40.7 37.6 40.3667 41.9333 41.9667 37.9667 44.4333 40.4 43.5 43.6333 42.8333 44.3 45.3667 43.7 43.6667 45.4333 43.8667 45.5333 46.3 45.3667 46.5667 47.5 46.0333 45.6667 47.6 48.7333 48.2667 49.3333 47.9667 47.7 49.7333 48.1 49.6333 50.5333 49.7667 49.2333 49.8333 49.5 49.9 
18.6 18.3333 16.4667 17.4 17.2 17.8 17.4667 18.5667 18.2 18.0333 19.3333 18.5333 19.4333 18.8 18.3667 19.1667 20.0667 19.7333 19.1333 19.7667 19.0333 19.8333 20.2 21.5667 24.2 23.0333 22.2333 23.0333 23.0667 22.5667 24.7333 23.3667 24.6667 27.0667 25.7333 27.6333 28.1 28.1333 26.7333 28.6667 26.0333 28.2333 30.9 30.7 29.2333 28.9333 28.6 32.0333 31.4 35.4 36.6 34.5 34.2333 34.3667 35.1667 36.8333 38.6333 33.9333 38.6333 37.8333 38.1333 37.3 37.8667 39.8667 41.3667 42.6333 40.2333 40.1333 43.2667 43.2667 44.5 44.9 44.6 43.4667 47.7 46.1 47.7333 47.3333 49 49.7667 49.4 49.3333 51.7667 51.1 51.8333 50.2667 51.7667 50.9 52.9333 53.8667 52.2 53 53.3667 54.0667 53.1667 53.3333 52.3333 53.1 54.0333 54.3333 
18.2667 19.1 18.8 18.2667 18.3667 18.8333 18.0333 18.3667 18.0667 18.1 18.3333 18.4333 18.4333 18.2667 18.0333 18.9667 21.6667 19.2333 19.5 19.3667 21.8 19.9 22.9667 21.7333 21.4333 20.7333 21.0333 22.6333 21.8667 28.5667 24.6 23.8333 24 28.4667 24.8 27.2667 23.6667 30.1 25.4333 29.6 31.6333 31.9 29.6333 31.2 31.1333 29.2667 32.6333 35 32.1 35 33.2667 33.2333 34.7333 36.0333 34.3 36.1 35.8333 33.9 36.3667 37.6667 38.5333 38.3667 38.5333 37.1 39.8 36.7333 39.2333 41.2667 40.6333 39.0333 40.6667 40.8333 41.1333 41.8667 41.0667 40.3333 40.2 42.5667 41.8 43.2 41.3333 43.9 43 41.5 43 42.4667 43.3667 44.8667 42.3333 44.7667 44 44.3 43.9333 43.6 44.3333 44.5667 44 43.3 44.3667 44.7 
15.5 14.5667 14.8333 14.9333 15.2667 14.6667 14.2667 15 15.7333 15.5333 16.2333 15.3 15.0667 15.6667 16.2333 15.6333 16.4 16 16.9667 17.1667 16.6 18.1 19.3333 18.7 16.7333 19.5 19.2667 20.3333 19.2 18.4 21.3667 19.6333 23.0667 21.1 20.9 22.3667 25.4667 24.1667 27.4333 24.1 26.1 24.4333 25.4333 29.9333 28.4 29.6333 28.5 27.4 27.3667 27.8 30.6667 31.2333 32.9 33.0667 34.8333 33.5333 30.8 36.7333 32.1667 37.7333 36.7333 37.6333 38.9 41.1333 38.8 37.6333 38.7333 40.9667 41.4667 41.1333 44.7333 42.2 45.4 45.5 45.8 45.6333 47.8333 46.3 48.2667 48.9 48.8667 50.5 50.2 49.1667 48.5667 50.7 50.3 50.2667 50.4667 51.7667 52.2 50.2667 52.0667 51.8333 52.0333 50.8333 52.4667 52.6333 51.8667 52.8 
20.9333 19.8667 21.0667 19.8 21.6333 23.0333 21.5 23.7 24.5667 21 21.0333 22.4 21.7667 23.0333 21.6667 23.2333 26.5333 21.0667 23.1333 24.3667 24.9 25.9 25.2333 26.7667 27.0333 26.6667 25.5667 27.6 26 25.8667 26.9333 26.9 28.1667 28.1667 28.9 26.9333 28.5 26.7667 30.9333 30.2667 29.6333 29.9667 29.4667 32.6333 31.5 32.1667 32.5333 31.6 34.3333 34.8667 35.0333 33.9333 33.2333 36.0333 34.9 34.6 35.6 36.1 36.1 34.6333 35.6667 34.9667 37.3333 34.7333 37.9 38.8 38.3333 38.4667 39.7 40.8 40.3333 41.2333 39.6333 43.2 40.2333 39 42.3333 43 45.0333 44.9667 45.5333 43.8 43.2 44.3 46.7333 47.3667 48.1 49.1333 49.1333 48.0667 48.7 50.5 49.5667 50.1 49.5667 50.5 48.5333 49.9667 51.6333 50.6 
24.7 26.7 26.8333 26.8 25.6667 26.2 26.8667 25.3667 27.5667 27 26.5667 27.1 27.8333 23.7 26.1667 28.1333 26.8333 28.2333 28.2667 27.2 26.6667 27.5 26.6 28.3333 28.6 28.7 29.0667 28.2 29.1667 30.1333 29.8667 28.1667 30.9667 29.7333 30.5 28.2667 31.2667 28.1 29.6667 30.4 34.3333 34.7667 33.6333 31.5 32.2 32.4 31.4333 31.8 33.7333 35.2667 33.3667 32.4333 35.6 34 33.9667 36.1 35.1667 34.5333 34.9 37.3667 35.9333 38.8 36.2 35.6 37.8333 36.2667 37.8667 35.4667 37.0333 38.1 38.6333 40.4667 40.5333 39.6667 37.7667 41.1333 39.4 40.3333 40.4 39.3667 41.3 40.7333 40.9667 41.5 39.9 41.6 40.2 41.0667 42.4 41.7333 42.3 42.7 42.1667 41.1 41.3 41.5 42.0667 42 42.4 42.4 
17.2333 18.2 16.2 17.0667 17.9333 17.9 18.0333 17.9 18.4333 18.5667 17.6667 17.4333 21.0333 20.8333 20.3333 21.1 19.9 22.3 20.5667 21.8 21.2667 22.1667 22.7 21.6667 24.9333 21.4333 22.2 23.3667 26.3333 24.6333 25.2333 25.6333 27.7 27.1333 27.0667 26.5333 27.7 28.6333 27.7333 28.5667 28 29.3667 29.8 30.9333 30.9 30.2 30.2667 32.3667 31.7667 32.9333 30.7667 33.1333 31.6333 33 33.4 33.3333 34.3333 33.0667 34.8333 32.1 34.2333 34.9333 35.0667 35.7 36.6 34.9333 35.1 35.9 37.2 37.0333 37.4 36.0333 36.1 36.6667 37.2333 38 37.9667 37.6667 36.1667 38.2 38.0333 38.6667 37.9 38.4333 37.5667 38.1 38.8333 37.7333 37.8667 39.8 39.9333 39.4667 37.5667 38.0333 38 37.6667 38.7667 37.8 38.9667 37.9333 
20.5 20.2333 20.5 21 21.2333 20.4667 20.5333 21.0333 20.8 21.0667 20.6 21.3333 21.5333 21.6 21.4667 21.9 22.0333 22.5667 23.4667 22.8 24.1333 23.5667 22.9333 23.4 25.2667 24.1 27.8667 27.0333 27.6667 27.6667 25.6 27.3333 27.7 28.7333 30.6 29.3333 30.9 29.8333 28.4 27.4 31.7667 34.4667 31.8667 33.7667 33 30.4 35.3333 36.7333 36.3667 34.5 37.1667 35.5667 36.2667 37.2667 34.8333 36.9667 36.7333 36.2333 39.8667 37.1667 37.6333 39.8667 38.1333 39.1333 40.5333 40.0333 38.6333 40.4667 41.7333 41.5333 42.5333 42.4333 42.3333 42.6 43.3 43.5333 42.7 43.7 44.1333 43.9 43.7667 44.6667 43.8333 45.2 43.5667 43.7 44.4333 43.8 45.4 45.7667 45.2 45.4667 45.5 44.7 46.0333 45.7333 45.7667 45.7 45.7 46.1 
24.2 24.0333 24.6 23.8333 24.3333 23.6333 24.2333 23.6667 24.7333 24.3333 26.5333 24.8667 24.2 24.8667 25.6333 24.9667 27.0333 25.3 26.9 25.7 25.6333 26.2333 27.8667 26.6667 27.7333 28.1667 26.1667 31.2 28.6667 27.9333 29.1333 28.7667 29 30.0667 29 29.6667 31.1 31.2 34.0333 32.7333 31.1 32.5667 32.8 32 33.7333 35.8333 37.0667 35.4667 34.7667 35.3 34.9333 35.9 36.9 36.2667 37.4 37.2667 39.4667 38.0667 37.2 38.8667 38.7 38.3667 39.3667 37.7 39.8 39.6 39.5667 41.7 39.0333 41.7667 40.2 41.9667 40.9333 42.8 42.5667 42.9 42.6667 42.4 42.7 43.0667 43.0333 43.0667 44.5667 43.1667 43.6333 43 45.0333 44.6333 44.8333 44.6 45.2 44.2333 44.3333 45.4 45.2 44.4 44.7667 44.8667 45.0667 45.6 
12.4 15.2667 13.7 14.4 15.4667 15.3333 16.0333 16.0667 15.8 17.3333 18.2667 17.5667 18.2333 19.6 17.9333 19.1667 18.9667 21.4333 21.3 21.6 20.0333 20.9 20.8 22.8667 22.1333 21.9 24.9333 22.9667 24.1 24.1667 24.6333 25.9 26.4667 25.2333 25.6667 26.2333 23.9667 26.6 24.6 28.1333 29.6667 26.3 29.5333 27.0333 29.2333 30.6667 30.4667 29.3 31.9667 30.8667 29.1333 31.5667 31.6 31.8667 34.5 33.0667 33.3 31.2667 34.9 32.9667 33.3333 33.1333 35.0333 35 34.6333 35.9667 35.7667 36.8667 36.8 36.5333 35.9333 37.4333 36.2 35.4667 38.9 39.0333 38.1333 38.3667 40.3333 37.7667 38.4333 38.7667 41.4 39.6667 39.4667 41.8667 38.7667 41 41.3333 41.6 42.6 39.8667 40.3667 42.0333 41.8667 41.2667 41.9333 42.1333 41.3333 39.2333 
15.2333 14.3667 14.9333 15.7 14.6667 15.3 15.2333 16.1333 16.2 15.0667 15.9 16.6667 15.7333 14.8333 16.9 16.8 15.5667 17.3667 17 17.4 16.1333 17.1667 17.9667 19.2 17.4 19.6333 17.6 18.0333 22.4667 18.6 21.2333 19.7667 21.0667 23.3333 24.9667 25.8 22.9 23.9 27.9667 24.7333 27.2667 29.9333 28 28.8667 31.5 30.8 31.6 28.2667 30.4333 33.1667 31.1667 29.2333 36.4333 30.9667 32.2 34.5333 34.0667 38.7 36.1667 36.6 38.1 37.6667 39.9667 40.9333 38.8 42.4667 43 42.4667 40.6667 44.1333 43.3333 46.2 42.9667 46.2 43.6 43.0667 45.2333 44.7333 46.4333 46.0667 47.8333 46.3667 48.6333 47.7667 50.1667 49.3 48.8333 48.6 50.2667 50.4333 49.0667 49.9333 50.4 49.4 49.2 50.2333 49.2 50.1667 51.4667 50.2667 
26.9 26.1667 26.2667 25.2333 26.7333 25.9 26.4 25.4667 25.7667 26.0667 26.7333 27.2333 26.1 26.2667 27.5667 26.3333 27.4667 26.9 27.8667 27.0333 27.4 25.8333 26.5 27.0667 27.8667 26.5333 28.0667 27.4667 27.6 28.1667 29.7667 26.7333 29.1333 28.1333 28.8667 29.5 28.4667 30.5667 30.2667 29.6333 29.7667 30.2333 31.6333 33.0667 30.9667 32.5 33.4667 32.3333 34.8 31.9667 33.8333 34.5667 33.5 34.5667 35.7333 34.7 33.8333 35.4333 35.2333 34.8667 35.4667 37.6 35.2 37.7 37.1 38.1 38.3 39.5 37.9 38.6667 38.6333 38.2 38.6333 40.2333 39.8 40.6333 40.2 40.1667 40.3 40.8333 40.9667 39.5 40.5 41.3 41.0333 41.4667 41.4333 41.9 42.9 41.8 41.9667 43.5 42.0333 43.0667 42.5333 42.7667 42.1333 42.8333 43 42.4333 
22.4667 22.5 22.3 23.3 22.6333 22.7333 23.5667 23.0667 23.9333 23 23.2333 23.6667 24.3667 25.5667 24.5333 23.2333 24.9 23.9667 24.0667 25.5667 25.8667 24.9333 25.7333 26.4333 27.9667 27 27.7333 26.8667 27.7667 27.4 27.6 27.5667 27.4 28.3667 28.6 28.4333 29.6 29.0667 29.2 31.7 29.1333 30.6667 29.9 33.2667 30.6333 30.1667 31.3667 31.3333 33.4333 31.5333 31 33.5667 33.1 32.0333 33.8667 32.4667 32.6333 34.1 34.3667 34.5667 35.8333 33.1333 35 35.5333 36.2333 34.0667 34.9333 34.7667 35.5667 35.8333 36.3667 38.6667 37.8333 37.4 38.2333 38.0667 38.6333 37.7333 39.1333 39.2333 37.7333 39 38.1333 40.1667 39.2333 39.9333 40.9333 40.9667 39.9667 41.2333 39.6333 41.2333 42.8667 40.8333 41.1333 42.2 42.1333 44.0333 42.3 43.6667 
18.9333 19.1333 19.7333 18.9667 19.1333 18 16.4 19.7333 17.9 19.6 19.3667 21.3667 18.9667 20.6333 19.1667 19.0333 19.2333 20.9333 19.7333 20 21.3333 22.5 20.8 21.7 22.6 23.0667 21.7 22.4 22.9333 23.0667 25.1 24.8667 22.9667 25.3333 25.5667 25.0333 26.2 27.6333 26.1667 28.0667 29.1667 27.1667 28.5333 29.7 27.5667 28.4 28.8333 30.4333 28.6667 31.9333 33 29.6 29 32.0333 32.2667 32.7333 34.0333 35.2 35.4667 33.2333 35.5333 33.5 34.1667 37.3 37.6333 38 36.9667 39.1333 40.2333 39.5 40.3333 39.9333 40.7333 40.4 42.3667 42.9 43.3333 42.9667 42 42.3333 42.0667 44.7667 46.6667 43.5 44.6667 45.6333 45.1 44.7333 44.4667 46.2 45.6 45.9 46.5333 46.9 45.9333 46.9333 45.5667 47.7667 46.8667 46.9333 
22.5 22.7333 23.1333 22.9 22.8333 23.1 22.9333 22.7333 22.7 23.2333 22.7333 22.6667 22.8 23.0333 23.4333 23.5 23.4333 24.0667 23.7 23.8667 24.3 24 23.9 25.1 23.9333 26.2333 24 24.2333 25.8 25.6333 27.2 25.3667 25.8667 25.7333 29.5333 26.3667 27.4667 29.2667 30.8 30.2333 31.1333 28.2333 32.3 32.3333 32.9 30.3667 31.2 32.2667 34.2 35.2667 33.1667 34.6667 35.0333 36.8667 36.8667 37 40.5667 39 35.6667 40.4333 37.2667 38.5667 37.5333 40.1 38.7 36.3 40.1667 40.6 40 40.3333 40.4 39.3333 40.5 40.7333 40.8667 41.3667 42.1333 40.9 40.9667 42.2 41.2667 40.8333 41.2 41.4667 42.0667 41.1333 40.8333 41.2 41.3333 40.7333 42.4667 41.3667 41.5667 41.8 41.3667 41.2667 41.9667 42.8333 41.7333 40.7 
12.1333 11.9333 12.3333 11.5667 12.2667 12.0667 11.6333 12.6 12.4333 11.8 12.7333 12.4667 12.8667 12.1333 14.0333 12.8333 12.6 12.4333 14.8 13.4 14.7 13.9333 13.1667 15.5667 15.9333 17.4667 15.4667 17.3 16.1333 19.5333 20.9333 22.0667 20.9333 21.6667 23.3 22.2 18.8333 23.7667 27.9333 20.2333 23.2 25.7667 26.7 30.8333 27.3333 31.4667 30.5667 30.5667 33 29.0333 30.2667 33.2667 35 33.3333 35.6 37.0667 35.9 37.6 37.1667 36.2 37.1 41.2333 41.3667 37.4333 39.5333 41 42.9 42.2667 46.5333 42.2667 43.6333 46.3 47.3333 46.8667 48.8333 48.2667 46.9 49.1667 48.9 51.3333 51.0667 51 51.8333 50.2 50.4 50.6667 51.6333 52.7333 53.8667 52.5333 54.3667 54.2333 54 52.2667 52.3 54.4 51.8667 54.3667 54.9667 56 
23.2333 23.0333 24.6 24.3 24.1667 24.0667 23.5333 25.6333 24.5 26.2 25.3 23.9333 26.7 26.2667 23.8667 25.9667 28.4 26.3333 26.6 27.6333 27.3667 27.1 27.6333 29.4667 28.7333 29.4333 30.4 29.5333 29.8667 28.4 31.3667 31.5333 31.9333 31.3 32.7667 31.8 33.2 32.2 32.5667 34.8667 32.8667 34.4333 34.4667 33.6333 34.7667 36.8333 37.1 32.0333 34.3 34.4333 35.7667 36.6667 37.1667 33.9 36 36.9 36.5667 38.9333 37.7667 38.3333 38.2 37.1 38.3667 39.7667 39.4333 38.9 40.6667 40.0333 41.4 41.7333 39.1333 39.8 41.2 41 41.4667 41.7 42.3333 43.2333 43.3333 42.8333 43.1333 42.8667 44 43.8667 43.8333 44.0333 43.2667 45.2333 44.1667 43.2333 44.3 44.3333 45.2 44.7333 44.2 45.4667 44.4333 45.4333 44.5 44.5 
17.5333 18.3667 19.9333 19.2 18.0667 21.8 21.6 18.7 19.8 23.4667 20.5 19.3667 24.3333 22.7667 22.4333 25.7 25.2 25.5667 28.1667 25.7333 25.3 26.9 24.6 26.6333 26.9333 27.1667 27.5 28.5 30.1 28.5333 27.8 30 32.4667 29.4667 32.2667 29.7333 31.8667 31.2667 31.3333 31.8667 33.0333 33.1667 33.9667 34.4333 34.5333 34.4667 33.9 34.8 34 33.9667 33.9333 37.5667 37.5 35.9 37.5 37.7 37.1333 35.0667 38.1 39.5 38 38.6667 39.3333 37.9667 37.5667 39.4667 37.9 40.0333 39.3333 40.3 42.4 40.7667 39.0667 41.4667 40.7667 41.5 41.0333 41.6667 42.4 42.2333 44.3333 41.1667 44.5333 44.9 41.4333 43.6 46.8 46.4 44.5333 45.0667 45.9667 46.6333 46.4333 46.6 47.1667 47.1 46.8667 47.7667 49.3333 46.7333 
22.4 21.4667 22.5667 21.7333 21.8667 22.0333 23.4667 23.7667 24.3 22.6 23.6333 23.6333 24.4333 22.9667 24.7667 24.0667 24.0333 25.9 25.8667 26.6667 27.4667 26.5333 26.4667 24.7 26.8333 27.8667 28.3333 27.6333 29.0333 27.2667 26.5667 26.1333 29.4333 30.8667 27.3 30.1667 28.8333 30 31.0667 31.2 29.9333 32.3667 29.6 28.8667 29.7667 31.3 31.0333 31.4333 31.6333 33 30.7 32.4 31.9333 34.6 33.1333 33.8 33.3667 32.6333 33.7667 32.9 33.8667 32.4333 33.8 33.2333 34.4667 34 34.1 34.5 34.8667 34.4333 34.9 34.3333 35.8333 34.3333 34.7 35.1 35.8 34.4667 36.5 35.1333 35.8667 36.2333 36.8 36.3 37.0667 35.5333 37.0667 37.1667 37.9667 36.5667 37.0667 37.5667 38.2 37.5667 37.6333 37.6667 38 39.6 38.8333 38.7333 
21.7333 21.6 22.2 22.2 22.5 23.3 22.6667 22.4 21.5667 22.2333 23.0667 23.4667 22.8667 23.0333 24.7 24.8333 23.6 25.2667 24.6333 25.2667 27.7667 24.9 26.2 25.9333 25.6 26.7333 25.8333 27.0333 27.8667 27.0333 27.8333 27.0333 30.9 26 29.3333 29.8333 29.3333 29.3 30.3 29.7 31.7 29.3667 29.5333 31.3667 31.5 31.6333 31.9 33.4 32.6667 33.9 31.8667 34.4333 34.5667 33.7333 33.0667 34.9333 37.2 35.9 35 34.8333 37.8667 37.2 36.7667 35.7 37.7333 37.4333 36.6667 37.7 38.2 39.0667 37.9333 38.5667 40.3 38.4 41 38.9 39.8 41.8 41.6 41.0667 41.2667 41.5667 40.8 41.7 42.7 43.1333 43.1 42.2 43.7333 43.9333 43.1333 42.3 43.2667 43.8 44.3333 44.4 43.7667 43.2667 44.9 45.1333 
22.0667 23.1333 23.8 23.2667 23.9667 24.9333 23.6333 24.6 25.3 25.9667 25.9 24.5667 24.9667 26.3 25.7333 25.8667 26.9 24.5667 27.3333 26.9667 28.2 27.7333 27.0667 29.6 28.1333 29.1 29.1 28.7 30.7667 30.0333 29.7333 28.4333 30.5333 31 30.7333 31.9667 30.7333 30.4333 30.8 33.5 30.9667 32.2 33.2333 32.4 33.0667 32.3667 32.6667 34.7333 31.9667 33.1667 33.5333 33.8667 34.8667 34.3 34.8667 35.8667 34.2667 36.5667 36.0333 35.3333 34.1667 37.2 35.4667 36.8 36.0667 37.2333 36.8333 37.7667 35.5 37.5 37.3667 39 37.4 39.4 37.8667 38.8 39.2667 38.9667 39.6 41.1 41.6333 39.7667 41.2667 41.2 40.7333 43.1 43.9667 41.5667 40.3667 42.3 42.6667 41.1333 42.6667 45.1333 43.7 42.5667 44.3333 45.2333 46.4667 44.6667 
19.7667 20.4 18.7 18.4667 19.1333 17.7333 19.6 18.0667 18.3 19.5667 18 17.9667 20.0333 18.5 20.2333 20.5333 20.5667 19.7333 20.0667 23.1 21.3 22.4667 23.5667 22.8333 24.1 23.5667 23.5667 23.2667 22.6333 24.2 25.0667 24.4667 27.6667 27.3333 25.8667 27.4667 27.4333 27.2667 30.0333 27.4667 30.7667 30.1333 31.9667 29.7 31.3333 33.2667 31.5 32.4667 34.1 34.7333 34.4333 36.4 33.8667 33.8333 36.1333 36.1333 38.7667 39.2333 39.6667 37.0667 37.9 39 39.9667 37.6667 41.7333 40.6667 43 40.6667 41.4333 41.9333 42.8667 41.4333 42.3333 43.7667 43.0667 43.5667 44.1667 43.5667 45.1333 45.6333 44.2 44.9333 46.3 45.8333 46.3667 44.6333 44.9333 45.1 45.0333 45.2 44.9667 45.5667 45.8333 45.8 46.0667 45.3333 45.9333 46.3667 45.6667 46.3667 
19.2667 19.3 19.4667 20.5667 19.4667 19.7333 19.8667 19.1 20.6667 19.3333 20.6 19.4333 19.9333 21.0667 21.8333 22.0333 23.7 22.0333 21 22.5 23.3333 24.0667 23.1667 23.2 27.5 26.0333 24.5 25.1333 26.5333 25.1 26.5667 28.3 28.7333 29.3333 27.2 27.5667 27.6667 30.3333 28.2333 28.5333 29.8 28.3667 30.2667 29.8667 28.7333 31.4667 29.7 30.8333 31.9333 30.9333 32.2333 30.4667 33.2667 31.9333 32.4333 34 34.2333 35.7333 37.6667 33.2 34.8333 36.1667 35.6 36.8 36.7333 36.9333 38.9667 37.9 36.5333 37.7 39.2667 37.5333 39.2667 40.1333 41.0667 40.4 38.1333 40.9 39.3333 40.3333 41.5667 40.7 43.7667 44.6667 42.3667 42.8667 44.3 41.7333 44.6 45.0667 42.2 43.1 43.7667 45.7333 44.9667 45.6667 45.0667 45.0333 44.6667 44.5333 
14.1 16.5 16.7333 14 17.3333 16.9333 20.7667 17 18.5667 17.4333 19.4667 21.7667 21.3 21.9 21.0333 23.5667 19.9333 24.2667 21.6 24.7333 27.4667 24.0333 26.6 28.4 28.8 25.4333 27.9667 29.2333 30.2333 24.6333 32.5333 31.9333 31.6667 33.6333 28.8667 33.2333 32.8 32.6333 34 34.4667 35.4667 34.5667 34.6667 36.2 38.1333 34.1333 37.2333 38.6 37.5667 37.1333 35.7667 39.1 38.7333 38.9667 39.9 38.9667 38.0333 40.5333 39.7667 39.5667 41.1333 40.6 39.6667 41.1 40.0333 42.3333 41.8333 43.5333 41.9333 41.2667 42.8333 43.5667 43.0333 42.6667 44.4 43.5 42.8333 43.8 44.6667 44.4667 44.4 45.2 44.2667 45.5333 45.4 45.8 46 47.3 46.4333 47 47.7667 46.9 46.8667 48 48.1 48.0667 47.8333 49.5667 49.5 50.3 
23.7667 23.9 22.7667 24.1 23.0667 24.3 23.6 24.4667 24.9 24.4667 24.6667 24.8 24.9 24.3 25 24.9 26.7333 27.0333 27.5667 25.8333 26.6333 26.4 25.7333 27.2 28.8333 27.7667 28.7333 28.3333 27.3 29.6 29 29.3667 27.8 29.4333 28.2333 30.4667 29.3333 32.8333 30.8667 31.5333 30.1333 32.1 29.9 31.8333 31.6 31.7333 31.8 32.6667 32.5 32.9 31.8667 33.0333 32.8333 32.8 32.9667 33.2333 33.6667 34.3333 35.4 34.9667 33.9 35.9 35.5 35.7 35.1667 38.1667 35.8 36.2667 34.6333 37.0333 37.3667 35.6333 36.9667 37.2 38.8 40.5667 39.0333 38.5667 40.1667 40.7 38.4333 41.2 39.4333 40.1333 40.9333 41.0333 41.0667 40.0333 40.4667 40.8667 42.9667 42.9 44.4333 42.3667 44.5 45.4 46.2333 48.2 46.8 47.4333 
12.1667 13.8333 11.9667 11.9667 11.9333 14.2 13.5333 13.9 15.6 13.7667 15.3667 15.6333 15.9333 15.5 16.9667 16.8 16.4667 16.7333 16.9333 17.5333 17.4667 17.4667 16.5 17.6667 21.9667 19.2667 18.3667 21.0667 20.4333 20.6667 19.6333 19.6 21.3333 22.0667 22.7667 22.9 22.5667 22.5667 22.4667 22.5 23.8 25.7 25.2667 25.9 27.1 29.1667 24.0667 28.2667 29.5667 31.6333 30.2667 30.2 30.4 32.1 33.2667 33.3667 34.7333 33.2333 33.6333 33.1 34.2667 34.0667 34.5333 36.1667 35.7667 37.4 37.2667 36.3667 37.6667 39.6333 41.1667 38.0333 38.2 39.6333 40.8667 39.9 40.3 41.3 41.3667 40.0333 40.5333 42.6 41.7667 43.3667 43.7 46.2 43.8667 43.5333 45.1 45.5 46.1667 44.1667 45.8667 46.2667 46.1667 46.5667 46.7 45.1333 46.8333 46.7333 
26.4 25.9 27.1 27.2 26.2333 27.2 27.3333 27.9333 27.4 27.1333 27.0667 28.2333 27.1667 27.6333 28.1 26.6667 28.5 27.5667 29.5667 27.9 28.1667 29.2 28.9 29.8333 29.2333 30.5667 28.3333 28.9667 29.2 31.7667 30.8667 29.3333 31.5 31.2667 29.8333 30.9 31.2 34.3667 33.7667 29.7 31.2667 31.4333 31.1333 34.3667 32.4 34.5 33.8 33.9333 35.7 34.7333 33.2667 35.2 34.7667 35.4333 37.6333 36.9 34.8667 35.1 33.8333 36.2333 34.5 35.3333 36.7333 36.2 36.1 37.4667 36.5667 38.2667 37.8 37.1 37.7 36.6667 39.0667 38.4333 38.2 39.4667 39.5 39.9 38.9667 40.2333 40.2 39.4333 39.7 40.3 40.1667 40.4667 39.1333 40.4667 39.9667 40.9333 40.4667 40.9 41.0333 40.0333 41 41 42.3 41.2667 41.6 41.6 
16.4333 17.0667 16.0333 16.8667 16.2667 16.7 17.1333 16.4667 18.8667 16.7667 16.9667 16.9667 17.3667 18.8 17.8333 18.6 18.3667 22.0667 20.2667 19.0333 22.6333 19.0667 19.5333 21.9 21.1333 20.8333 25.2667 25.2667 26.3 24.8 24.6 25.8 29.2 25.6667 27.1667 28.8333 30.4 29 29.5 30.1 29.8333 29.4667 29.6333 30.9667 31.6 31.1 29.6 31.4667 31.7333 32.3667 32.7333 33.4667 34.4667 34.5667 33.0667 35 36.2 34.5333 37.2333 36.3 36.8667 35.8 37.3333 35.6667 40.7667 37.7333 39.9333 37.6667 39.6 41.3333 41.6333 39.3667 40.5667 41.3667 40.8 41.8 42.1667 42.6 44.7 43.7 43.9667 45.4333 47.8333 44.7333 45.7333 48.2333 46.5 47.8667 48.8333 48.2667 50.7667 51.1 49.8667 50.7667 52.2333 50.3667 51.0667 53.1 53.2 52.8667 
20 18.6667 19.2667 21.2 22.0333 22.0333 20.8333 24.1 22.5667 23.3 22.0667 24.4333 22.3 22.3667 24.4333 23.3 24 25.5 24.4333 27.6333 28.8333 28.2333 25.8 27.4667 28.0667 28.1333 28.4667 27.6667 29.1 27.5333 28.2 30 29.5333 30.4667 31.4667 30.8333 29.7667 31.6 31.1 33.7 30.9667 31.1333 32.3333 30.9667 33.4667 35.2 34.3333 32.8667 34.0333 34.4667 33.7 34.2667 35.9 34.1 37.3333 35.8333 36.2 34.8333 36.5 36.2667 38.1667 36.5667 38.1 37.5667 40.9 40.2333 38.2 40.1667 40.2667 38.9667 40.7333 41.8 40.9 41.4333 40.9 41.7 42.2333 43.4 43.3333 46.5333 42.7 42.3667 44.5 45.1 44.9333 45.5333 43.6 45.4 45.0667 46.6 47.1333 47.8667 45.6667 48.0667 45.3667 46.8333 46.2667 47.3 46.6333 46.6667 
19.0333 18.7333 20.4 19.7 19.7333 20.2333 22.6333 21.7333 21.6333 21.1667 22.4 23.3333 21.2667 23.0333 23.2 25.2 24.6667 24.0333 23.3333 23.8333 23.6667 24.9333 25.9333 27.3333 26.9 28 26.5667 27.4667 26.9 29.7333 28.3333 29.4 27.1667 29.5333 29.7333 29.0667 32.8 30.7333 28.8 30.2667 31.1667 32.3 32.6667 30.9667 34.0667 32.4 34.1333 34.5333 33.9333 32.6 33.8333 33.7 33.4333 35.2667 35.1667 36.7 33.9667 35.9667 36.6333 36 36.4667 37.8333 35.9333 36.5333 38.2667 38.1 38.7333 36.1 38.7667 41.9667 40.3333 39.8333 40.2667 40.3333 39.4 40.4333 42.2 44.7667 43.3333 43.6333 45.0333 44.8333 42.5667 45.4333 45.9667 47.4 46.6 48.1333 47.5 48.6667 46.9 47.5667 47.5333 48.3667 47.7 47.9333 47.9667 48.3333 48.9 48.3 
23.2333 21.2667 22.2 25.6333 25.2 25.2667 25.7 25.8 25.7333 24.5 24.9667 25.6 25.8333 27.3333 25.8667 26.0333 25 28.0333 23.9333 26.4333 27.7333 28.0333 27.8667 30.9 27.0333 30.2333 29.3667 30.3 29.7333 29.6667 28.6 31.5333 30.3667 31.1333 29.3 31.6 30.1 30.8667 32.6 32.1667 31.9667 32.2333 32.9667 32.0333 32.4333 32.8667 34.4 32.6333 33.7667 34.8 32.6667 33.6667 34.0667 33.8 35.4 35.3667 35.8 36.2667 33.9333 35.5333 34.4 35.6 35.9667 36.5667 37.4333 35.7 37 36.4 37.6333 37.7667 37.8667 37.4333 38.8667 36.8 37.2 39.3 39.2 38.4667 39.5667 39 40.4667 39.1333 41.0333 40.2 40.4 40.2 40.6 40.2667 41.4 41.2333 40.4667 39.7667 41.5333 42.7 41.9 41.7 42.6667 40.7 42.6333 43.2 
22.0667 23.3 22.6 22.7667 23.2667 23.2333 23.5333 23.5 23.3667 22.9667 23.7 24.1 22.7333 23.8667 23.8 23.8667 24.8 24.0333 24.4667 23.3333 24.6667 25.5333 24.6667 25.4333 25.4333 24.8333 27.0333 25.8333 29.2333 26.3333 28.2667 26.5667 25.1333 26.8 29.6 27.9 27.6 28.9667 30.0667 27.3667 29 30.2 28.2333 28.5 30.9 30.1667 35.1333 33.9333 30.6 33.7 36.1667 33.1333 36 33.9333 36.2 36.2667 35.7667 37.1 36.3333 35.2333 37.9 39.6667 38.1333 40.3333 38.0667 41.8667 41.3333 39.5 40.1333 40.0667 40.3333 41.4667 44.5 41.6667 43.1 41.5667 42.0333 43.3667 42.9 44.4333 44.2333 42.6667 43.0333 43.9333 45 44.2667 44.9 45.2 44.5333 44.4333 45.7333 45.9 45.8667 45.5667 46.6 46.5333 45.5333 45.6667 45.4 46.9667 
25.3667 25.6667 26.5 26 26.3 26.3 26.4667 26.8667 26.7667 26.4667 27.2667 26.9667 26 28.3333 28.0667 27.1 27.2667 27.6333 27.9333 27.6 28.0667 29.0667 26.5 28.4333 28.0667 29.2 28.1333 29.2 27.8 29.6333 30.0333 30.3667 28.8333 29.4667 30.6333 30.6667 29.6 31.4667 31 30.9333 30.4 31.6 31.7667 32 32.5333 32.0667 33.3667 32.1 32.3333 32.8 33.7 33.6333 33.8 33.7667 34.9667 34.5 35.4333 35.4667 34.2 35.4667 35.5 34.8667 36.5333 36.8333 35.2 34.9667 37 35.7333 38.2 36.8 36.4 37.3667 35.1333 38.2667 38.8 37.9667 37.4 37.7 37.4 37.9 38.0333 40.5333 39.7333 38.2333 40.2 39.4333 39.9667 38.9667 39.7333 40.1667 40.6667 39.0333 42.1 42.2 40.1 44.3667 40.8 39.9333 44.3333 41.8667 
26.3667 24.8667 26.8 26.2667 26.2 26.2333 27.2667 26.4333 26.5667 25.3 27.0667 26.6 28.2333 26.6667 27.3667 29.3333 27.5 28.2333 27.2333 28.7333 29.8 29.5 28.9333 28.2667 29.3 29.2333 29.4 28.8333 29.6667 30.4 30.0333 30.4 30.8667 30.6 31.3333 31.2 30.6333 32.5 33.0667 31.3333 31.9333 32.0667 31.9667 32.9 32.9 32.4 31.9 32.9 32.8333 33.5333 34.7667 34.3333 33.7 33.9667 34.2 35.1333 34.5 35.7667 34.5 35.6667 36.3 35.0333 34.1667 35.4667 36.3333 34.7667 34.6333 36.6 35.7667 36.1333 36.2333 36.8 37 37.2333 37.5667 36.2667 36.9 36.9 36.1 38.6 36.3333 37 38.3333 37.9333 39.7333 39.5667 37.6667 38.8667 38.9667 39.4333 39.0667 38.5 38.5333 39.2 41.5667 41.2667 41.1333 42.1 41 42.2 
29.7667 29.9667 30.4667 29.7 30.2667 31.0333 30.2667 30.7667 31.9667 28.6 31.1333 31.2333 31.1333 30.5667 31.5 30.3333 32.6 32.9333 31.6 33.6 31.6667 31.6 31.8333 32.5667 31.3667 32.5 32.7333 32.8 33.7667 32.6333 33.7 34.1667 32.5667 34.2 34.9667 34.3333 34.5667 33.7 34.3333 33.6 35.0667 35.5667 34.8 35.9667 36.3667 36.0667 36.5 36.4 34.8667 36.9 36.9333 35.7333 37.5667 37.1667 38.8 37.9333 37.0333 36.8333 38.3333 37.5 38.6333 38.1 37.5333 37.7333 35.9333 38.3667 38.4667 38.1333 38.3333 40 38.4667 39.4667 38.7667 39.4 39.9333 40.0333 39.4 38.8 40.4333 40.5333 39.6333 40.4333 41.7333 39.4 39.8333 40.3 40.7667 41.4 40.9 41.1333 40.5 40.8667 40.6667 40.6 41.3333 41.6333 41.6 39.8333 41.2333 40.7333 
28.1 28.5333 28.8667 27.2667 27.9 28.5 27.5667 28.3 28.2 28.3333 28.5 27.8667 29.1333 29.2333 29.0667 29.9333 28.9333 29.7 29.2 29.2667 31 30 29.7 28 29.7667 30 30.5 31.2333 31.4333 30.4667 31.4667 32.6667 32.8 30.7667 31.9 33.1 31.9 31.2667 32.2667 31.9333 31.2667 34 32.5667 32.1 34.2667 35.4333 36.7667 35.8667 35.6667 36.3333 35.2 36.1333 35.1333 35.1667 37.0667 36.6 36.0667 35.7333 37.1667 38.8667 41.2 40.5333 39.9667 39.8333 40.5667 42.3667 42.2 41.0667 42.5667 41.8667 42.2 42.1 43.2333 43.7333 44.7333 42.6667 43.5 45.5 42.9333 46.1333 44.5667 46.0667 46.3 45.8333 45.7333 46.3333 46.9667 46.6 47.0667 48.1667 45.2667 47.2333 47.5667 46.3667 47.0333 48.7 47.4667 47.9 47.6 47.2 
22.7667 22.9667 23.0333 23.7 23.9333 23.6667 23.4333 22.8 23.2667 23.1667 23.5667 22.9667 23.2 23.8333 24.3333 23.4 24.4667 25.0333 23.1 24 24.0333 23.8667 24.7667 25.2333 26.2 26 26.4 25.5 27.1 26.8667 24.9 28.0333 27.1 27.7333 27.0667 28.2333 28.1667 27.6667 28.4333 28.2333 29.4333 28.3333 31.6 28.9667 28.1333 29.7333 31.8667 30.4 31.5667 33.0333 34.2 32.9667 33.7 33.3667 36.8333 38.1667 33.6667 37.7333 38.1 40.3667 37.6333 38.2667 40.5 40.6 39.2667 41.8333 42.0667 38.5333 43.1333 39.2333 43.4333 46.1 45.3333 46.5333 46.1 44.5 46.9667 46.0333 47.7333 47.6333 47.3 47.8667 47.9333 48.2 49.3 49.9 49.8333 49.8 52.2 50.9667 51.7 52.8333 50.9 52.3333 53.4667 53.7333 52.7 53.8 53.1333 53.4667 
23.9667 24.5 23.9 24.1667 24.4667 22.8333 24 24.6333 24.7333 25.9667 25.0667 24.5 25.8 27.8 26.1667 26.1333 26.0333 26.7333 25.9667 26.7667 28.0333 27.9333 28.1667 28.3333 26.6667 27.1 28.4 29.1667 30.4667 29.4 30.5333 28.2 29.0333 29.4333 30.8 31.8333 31.9333 32.0667 33.2667 32.7667 33 33 32.0667 34 33.8 31.6 33.2667 33.2333 32.2333 34.5333 34.9 33.8 32.3 34.4333 32.8333 36.7333 36.6667 35.3333 36.1667 36.1333 34.4667 36.7667 38.1667 35.9 36.9667 37.9667 37.3 37.8667 36.1667 37.9667 37.5667 37.4 39.4667 39.8667 40.1 38.9333 38.9667 40.5 39.3667 40.3667 40.3333 38.7 40.5333 41 40.8667 42.0667 42.0667 42.3667 41.6667 40.9667 41.7333 42.1667 42.2333 41.8 42.9 42.9 42.1 44.1333 43.9333 45.2333 
23.7 23.1333 25.0667 25 22.5 24.4333 24.1333 23.5667 24.6 26.3 24.1 25.1333 25.5 24.7333 26.0667 24.3667 25.8667 25.1667 25.6667 26.3333 26.2667 25.6333 26.4 26.7667 27.9667 28.0667 27.6667 28.8333 28.2 28.6 28.0667 28.7 28.6 29.0667 31.2333 29.8 29.7667 29.4 31.0333 31 30.6667 31.8333 31.5 31 32 31.2667 32.1 31.9667 34.8667 32.7333 34.3667 36.8333 34.2667 35.9 35.7 34.8 35.0667 37.9667 38.4667 36.3333 38.6 37.4333 37.4333 37.6667 39 38.8667 40.6333 41.7333 40.4667 40.1 40.0667 42.6667 41.3333 41.6 42.4 44.4 45.6 42.3 42.8667 43.5333 43.3 44.7667 44.2 46.0333 44.5333 45.9 46.2333 44.5667 46.7667 46.2667 46.2333 46.6333 47.5333 46.7333 46 46.1667 47.6333 47.6333 47.7667 47.4333 
24.6667 25.1667 24.5667 24.2333 24.8667 24.4 24.6667 25.3667 25.5333 25.1333 25.2333 24.9333 26.1333 25.8333 25.8667 26.5 26.3667 25.9333 26.0667 25.4 25.8 28.4 28.8 26.6667 27.1333 29.1333 28.1333 28.5333 29.9667 29.8 29.6667 29.3667 32.8667 30.9 32.3 28.2333 31.1 30.6333 33.6667 30.7 30.3 31.5 33.1 33.8667 33.5333 32.8 34.3667 32.7333 34.6 34.5 35.8 35.2 35.1667 36.7333 35.5333 37.7 37.1667 36.8333 39.8333 36.4 38.8 39.5667 39.1333 39.5333 40.0333 40.3667 39.0333 38.7333 40.4333 39.6667 41.1 39 41.9667 41.6333 41.6 40.9 40.5667 40.9 41.8333 42.0333 42 43.2 42.9667 43.3667 43.0667 43.4 44.5 44.5333 45.9 44.5 43.6 45.1333 44.4 44.5667 45.9 45.0667 45.6667 45.7333 45.1 46.4667 
23.1667 25.8 25.1667 25.4667 25.7333 24.6667 23.7333 26.0667 24.6333 25.3333 24.5667 24.8 26.7333 24.2333 25.1333 26.7333 27 25.9333 26.3333 27 27.4 27 26.9 28.4 26.8333 27.1333 29.2 30.1 28.6 28.5 30.1 29.2667 28.9333 30.8333 31.5333 31.9667 31.3333 29.6 30.7 33.5667 31.5333 34.3 34.3333 32.5 34.6 32.5333 33.9 36 34.7333 36.9333 37.4333 35.7333 36.2333 36.2333 39.6 39.7667 38.8333 39.1667 38.7 37.4333 39.4333 38.7667 40.2667 40.1667 40.3667 40.3 41.5 40.8333 43.5 42.2667 42.9667 41.6667 41.4 41.0667 44.3667 43.5667 41.9667 43.3 43.4 42.7333 44.2 42.9333 44.5 43.7 45.2333 43.9667 44.5 44.7333 45 45.3333 44.2667 45.2 44.9 45.3667 45.0333 45.0333 44.4 45.3667 45.5 45.7333 
21.4 21.6667 20.3667 21.4333 21.8667 21.3333 21.8667 22.7667 22.6333 22.1333 22.6 22.1 22.3 23.8 23.0667 23.1 23.8333 22.5333 23.4 22.8 22.7333 23 23.5333 22.9333 25.1 24.9 24.4 24.4 25.6667 26.2333 25.7667 26 25.5 27.2 26.0667 28.6 26.1333 28.6667 25.0667 27.4667 27.5333 28.5667 29.7333 29.0667 30.9333 26.3667 29.7 30.8 30.9 31.6 30.0333 32.8333 33.7333 33.5 30.8 34.2 35.5333 33.1333 35.6667 35.6 35.0667 37.6333 39.5667 36.9 38.3 38.3 37.3 38.6333 41.7 41.0333 38.6 37.9667 42.4 39.2 42.3 42.0667 42.2333 40.1 40.8333 43.7 45.2333 43.4 43 43.9667 44.5 44.7 44.1 44.5667 43.1 46.1667 45.5667 44.7 45.9 46.7 45.1333 46.5333 46.5667 46.6333 46.6667 47.1 
19.0667 19.2333 18.9333 19.3333 20.6333 20.1667 20.2333 19.1 19.9667 22.2333 20.7 21 21.2333 20.9333 20.3667 20.2 21.4667 21.9333 22.8 22.4333 23.4333 23.7 24.5333 24.8667 23.9333 22.6333 24.0667 24.4 25.2 25.4 26.6333 26.7 27.8667 27.8333 27 28.4667 27.1333 28.4333 27 26.2667 27.9667 30.5667 32.2333 30.4667 29.6 31.1333 30.3667 29.8 30.8 31.4333 30 32.6667 34.4 34.2667 34.3333 33.7667 34.5333 34.9 33.3333 35.4667 34.4667 35.2667 34.8667 35.0667 37.8333 34.2 38.1 37.6333 36.1667 36.9333 38.4333 39.2667 36.7333 38.5 39.4 39.7333 39.1 41.4667 39.5667 40.5333 41.1 40.1 40.8333 41.1 40.7667 41.2333 40.1333 41.1333 42.3333 41.8 42.0667 42.5667 42.9333 42.2 43.2333 44.8333 41.7 44.0333 43.7333 42.6 
15.9333 15.8 15.7 16.5 16.4667 16.1333 16.4 16.5667 17.4667 17.1 19.7 17.0333 18.1667 17.8 18.4 18.1 18.3667 18.6 18.2667 18.7333 19.1333 20.6333 21.1 20.8667 19.1667 21.3667 20.5667 20.8667 19.8667 20.9 22.9333 21.8667 23.1 24.4667 22.4667 22.6 21.9333 23.7333 24.6 25.9 25.2 26.2333 24.1 25.1667 23.9333 25.3667 27.3 28.6667 27.7333 28.8667 29.2667 29.8 29.0667 28.9667 27.5333 28.2 30.1333 30.7667 30.9 33.4333 33.2667 29.8333 31.4667 32.9333 31.5 33.5 31.4 35.4 32.8 34.7667 35.9333 36.4333 36.5667 35.1667 36.6667 38.0333 37.2333 35.9333 36.3667 37 37.6667 39.1667 39.8 38.6667 39.3 38.5333 41.3667 40.0667 40.9667 39.4667 39.9333 40.8667 40.8667 41.2667 40.8 40.7333 40.9667 41.6 40.4 40.5333 
20.9333 22.1 21.3 22.6667 23.1 21.9667 21.5 22.8 23.2667 22.9333 21.9333 22.9667 22.3333 24.2 24.0333 22.6 23.9333 23.8667 22.6 23.8667 23.0333 22.5333 24.9333 25.3 23.4667 24.2 23.5333 26.7333 24.3 24.6333 25.1333 26.7 25.2667 26.8 26.4667 26.8 26.0333 27.2 27.3 29.0333 28.5333 28.3333 29.5333 29.2 27.9 28.2 28.3333 28.8333 28.8 28.3667 29.9 28.5333 29.8333 32.0333 32.4667 30.7667 30.2667 31.9333 31.5333 33.5667 34.1 33.0667 32.5333 35.3333 34.4667 35.0333 34.3667 33.3333 35.5667 35.9333 36.4667 38.4667 35.4 36.1 36.7 38.8 37.3667 38.5 39.6667 37.3 39.1667 40.1333 40.7333 40.9667 38.8667 41.1 39.7 41.0333 41.0667 40.9333 40.2333 41.2333 41 41.5333 42.2333 41.1667 42.4 42.9667 41.9667 43.1 
21.3 16.8333 23.2333 20.3333 19.8 20.2333 23.3 22 21.9 23.8333 21.0667 22.4333 21.6333 24.4667 21.6667 21.7667 24.1 25 24.2667 27.4667 25.3667 25.1 24.5 26.5333 26.9 29.2667 29.4 26.9333 28.9 28.7333 30.4 31.1 30.5333 31.6333 30.9 31.8667 31.9667 32.4 31.4 32.0333 33.3667 33.0333 33.4667 35.8333 34.2333 34.0667 33.9 34.7 37.7333 34.2333 36.1 36.7333 35.1667 36.1333 36.9333 36.2667 37.2 38.4667 37.3667 39.4 37.4667 39.5667 37.6667 39.1333 40.7333 40.5333 40.1 39.9667 39.8 42.1667 40.9 39.5667 40.2 40.7 40.8667 42.0667 40.7667 41.3 41.7 40.7667 41.5333 40.9 42.7 43 42.5667 42.9333 41.0333 42.5 42.0333 43.5667 43.6333 43.0667 42.5333 42.6667 44.2 44.1 42.9 42.8667 44.4 44 
22.7667 22.5 22.7 22.8333 22.2333 22.8667 22.9 23.3 23.6333 23.1333 24.4667 23.1667 23.7667 25.2667 24.3667 23.8 23.6 25.0333 24.1333 24.1667 24.7 25.4333 25.5333 25.4333 25.3667 24.5 25.9667 25.1 27.7333 26.2667 27.4667 25.3 26.6333 27.4667 26.8333 27.5667 28.1667 26.5 27.7667 27.0333 27.8333 29.1 29.4667 28.9333 29.1333 29.1333 29.7333 29.7 28.6333 30.7333 29.7333 29.2667 31.2333 32.1333 28.2667 31.8667 31.6667 32 33.3 32.5 33.4667 33.6667 33.3667 32.0667 32.8667 30.9333 34.5 33.0667 34.2 35.5 33.3667 33.5667 36.0667 37.0667 36.8 36.5 35.0667 35.8333 36.2 38.5667 36.2667 37.5 35.2667 38.3667 37.8333 38.1667 39.6 38.2 37.4667 39.9333 40.0333 39.5333 41.0333 40.4667 40.3333 40.1667 39.5333 40.3 39.6333 40.6667 
22.0667 23.7333 22.4667 23.2667 23.4333 21.9333 22.2667 24.2333 23.4333 24.0667 24.3667 23.6667 24.6667 24.9333 24.9333 24.1 25.8 26.4 26 25.8333 25.0667 26.7 25.3 26.1 26.6333 27.1667 26.6667 26.2 26.8333 27.3333 27.9333 27.4 25.7667 27.0333 27.2 28.4667 28.2667 28.2667 28.3667 28.3667 28.6667 28.4333 30.2333 30 30.2667 30 29.6333 30.8667 29.7 32.8 29.3333 29.7667 31.1333 30.4 30.1 29.7333 30.7 33.2 33.2667 32.3 32.8333 32.3 34.0667 33.3667 31.8333 32.3 33.9333 33.2667 34.2 33.6667 35.5667 35 34.4333 33.8 35.0333 36.7667 36.2667 33.9 36.5333 37.4333 36.2333 36.6 36.4667 36.2 37.7667 36.8667 37.7667 38.5333 37.6 38.4667 38.1333 38.4667 38.2333 38.3 38.2 38.1 38.3667 39.2333 38.5333 39.4 
26.8667 27.3667 23.9333 26.7333 24.4667 25.8 26.9333 26.1333 25.1 26.6333 27.5333 27.7333 26.2667 27.4 26.2667 25.2 28.1333 27.2 27.4 27.5667 28.8 29.0667 28.8 31.2 28.2667 29.8 29.8333 30.5667 31.5333 31.2333 31.7667 29.9667 28.5 31.3 31.2667 29.5333 30.6333 29.3 30.9333 33.1333 33.3 33 30.6667 30.8667 33.1667 31.6 33.8667 32.9333 32.1333 34.7 33.8333 33.4667 33.5 34.4 34.2 35.6333 33.1667 35.1333 35.3 35.1667 34.0333 35.6333 35.6333 35.8667 37.2333 35.8 36.6333 37.3 37.3 36.1667 36.4667 37.3333 36.9 37.1 38 37.0667 37.2333 37.5 37.6667 38.3333 38.3333 37.3667 38.9333 38.9 38.9 38.4 39.1333 39.6 38.2667 39.7667 38.9333 38.7333 39.4333 39.1 39.1667 39.6333 39.7 38.8333 39.6 39.3 
28.8333 26.7667 26.8333 27.2333 26.4667 29.1 28.4333 26.8667 27.8667 28.6667 28.9333 29.7333 30.5333 28.1333 29.3667 29.2 28.5667 30.0333 29.1333 31.1667 29.5667 29.3667 30.7333 30.1667 29.6 31.2 31.3 29.4 30.7667 31.7 30.6667 31.4 30.8 31.2333 31.8667 32.1333 32.8 33.1333 33.7667 31.1333 31.6 33.8333 32.5 33.7667 32.5 32.7667 34.4333 35.2667 34.6 35.1333 35.5 35.3333 35.6 36.2 37.3333 34.0333 33.9 37.1667 37.9333 35.0667 38.9667 36.5 39.2667 35.9667 36.0333 38.9333 38.6 40.5 39.2333 40.0333 40.4667 40.2667 40.1667 41.6 40.8333 41.3 39.4333 41.7667 44.6333 44.0333 42.9667 43.5667 43.4 41.9667 43.4667 42.3667 43.6333 44.4 44.1667 45.7 44.3 46.6 45.8333 45.7667 45.8 46.8333 46.7 45.7333 47.4 45.6333 
18.3333 18.2667 18.7333 19.4 17.9 18.3 19.5333 19.2667 19.2333 22 21.7667 20.0667 20.6667 21.1333 21 22.1667 20.8667 21.9333 23.1667 21.0667 20.3333 23.4667 24.4 24.1 22.5333 22.5 23.9333 24.2667 22.9667 25.7 23.9667 26.4667 24.8 25.7667 24.8667 27.6667 26.9667 24.8 27.2333 27.0333 25.6667 27.0333 27.1 28.6667 30.0667 30.4667 26.6333 29.1333 31 29.9333 30.6 27.8667 31.3333 32.5667 32 35.2667 31.3 32.5333 33.7333 30.4 32.2333 32.3333 35.7333 33.7 36.1333 32.4333 35.0333 37.8667 38.8333 36.3667 40.3 40.5667 37.8333 40.4333 38.6 39.8333 43.1333 41.3333 42.9667 41.9333 42.1 40.3333 42.1333 45.2 45.3667 44.6333 44.7 46.6333 45.8333 45.7667 46.8333 45.3 46.6667 46.8333 48.0333 49.7667 48.1 49.2 48.7 48.0667 
20.9333 18.9 19.0667 21.8 22.2333 20.8667 20.9667 20.7667 21.6667 22.8 23.2667 22.4667 22.7 23.0333 22.5667 23.6333 21.8 21.6 24.0333 24.5333 23.3667 23.5 23.6 23.7333 24.2667 24.9667 24.5667 24.7 26.3667 27.2333 25.5667 26.9667 26.9333 26.2333 28.5 28.2333 31.7 28 29.1333 28.5 29.6333 32.2 30.2667 30.2667 29.2333 32.8667 34.5667 34.2667 32.7667 33.9667 33.5667 34.7333 36.6 36.8667 37.1333 33.3667 35.8333 36.8667 36.5 36.7333 38.1667 38.9333 38.5 38.2 39.9333 41.3667 39.6 38.0667 40.4667 40.6333 40.6 38.7333 43.1667 42.3333 42.4333 42.4 42.1 42.8333 43.1667 43.0667 42.2 42.2667 43.0667 42.7333 43.5 42.7 43.7 43.7 43.2667 43.1 43.8333 43.8333 44 43.4 43.8333 44.2667 44 44.3 44.1 43.9 
15.9 16.4333 16.8333 16.7333 16.9 16.6 16.5333 16.5333 16.4 16.9 16.6 17.1333 16.9333 16.9333 16.5667 17.2667 18.1333 17.4333 17.9 18.0667 17.9667 18.7333 17.9667 18.6333 18.3 20 21.4333 21.1667 19.0667 22 22.5333 23.6333 21.4667 23.8333 20.5333 25.9333 23.7667 23.1667 23.2333 24.3 28.5333 29.3 26.5 27.6667 26.7 27.9333 30.6333 30.8333 30.6667 27.9 30.2333 33.8667 37.6 35.1667 37.8 32.4667 36.2667 36.3667 32.6 37.9667 34.3 38.3667 37.2 38 39.2 39.4333 38.5667 40.6333 40.3667 39.9333 39.6 43.1333 40.4 41.7667 43.4 40.9 43.6 43.1667 43.1667 43.2667 43.2 42.8333 44.7333 45.0333 45.0667 45.7 44.3 45.0667 46.2333 44.9 46.0667 45.6333 45.9667 47.6 46.8 47.1333 47.5 46.8333 47.3 47.3333 
29.6667 30.4667 29.9667 28.8333 30.4333 31.7333 30.1 28.8 30.7667 30.6333 30.5 31.1 29.9333 30.3667 31.1667 33.0667 32.5667 31.5333 31.9333 30.8667 31.3 32.5667 33.6667 33.1333 33.3 32.1 34.5667 34.3 35.2 35.1333 36.2 33.6333 33.9667 34.2667 35.4 35.0333 33.6333 35.8333 35.7667 35.0667 36 36.4667 36.8 36.5 34.9667 36.7 37.2333 36.6667 38.8 36.8667 38.2333 37.7333 39.2333 37.7333 39.1 37.6667 37.5 38.4333 39.2667 39.0333 38.8333 37.9667 39.4 37.7 38.6667 41.3 41 41.1667 38.8 39.7333 40.3333 41.8 40.9333 40.5667 40.8 39.7667 41.3667 41.1 40.7 42.2 41.5667 40.8333 41.2333 40.9667 42.5667 41.0333 41.0667 40.7667 41.8333 41.9333 41.6667 42.4333 42.3333 42.9333 42.6 41.6 41.7667 43.0667 41.7333 42.7667 
26.3667 26.9333 26.8 26.3667 27.6 26.6 27.8 26.6667 27.7667 27.4 28.7667 28.2 28.2667 29.4333 27.5333 28.8 29.6 29.0667 28.5333 30.4667 30.1667 29.0667 31 31.6333 30.1667 31.9333 30.1 32 30.9667 30.3667 31.1 33.5333 32.7 30.1333 34.2 32.2 32.4667 32.3 34 32.6 34.5 33.9667 34.0667 33.7333 34.3 34.6667 35.2667 35.4667 34.1 35.6 34.5333 33.6333 35.9333 35.4667 35.4333 35.2667 35.5333 35.8667 35.4333 36.8667 36.8 36.8667 35.0667 37.5333 36.1 37.7667 36.3 37.7667 36.5667 38.2667 37.6 38.2333 37.3333 38.6333 38.3 36.3667 37.7667 38.6 39.0333 37.8 39 38.5 38.8667 38.8333 38.7 39.6 38.6 38.9333 38.5667 38.9 38.4 38.6333 39.3 39.4667 39.3 38.9 39.2 39.3667 39.3667 38.9333 
28.0667 28.1 28.9333 26.1333 27.2667 26.7667 25.4333 27.2333 26 26.8333 26.8667 28.8667 25.8333 27.0333 28.8667 29.5667 28.5 29.2 29.6333 27.2 29.2 29.9 29.9 30.8667 30.9 30.3667 29.8667 30 30.4667 31.3333 31.2333 31.9 31.5 32.3667 31.1333 31.6 32.3333 31.3 33.1333 31.2333 32.9 31.4667 34.0333 34.1333 32.0333 32.8667 33.2 34.8 34.5 33.3667 33.4667 34.5667 36.1333 35.2667 34.5333 34.5 35.9667 36.3 36.6667 37.6667 37.2333 35.5667 36.7667 37.1 36.7333 37.4667 36.6667 37.2 37.4667 38.3 37.5 37.3667 37.2333 39.5333 40.3667 40 40.8333 38.5 38.5 40.1 38.8333 40.4333 39.4 39.2333 38.7667 40.1333 40.6333 41.3333 40.7 42 42.8667 40.4333 43.1 42.2667 42.7333 42.8333 42.2667 43.4 42.5333 41.6667 
29.8333 29.9 30.0333 30.2 30.4333 29.9 29.9 29.6333 30.1333 29.6667 30.0333 29.9333 31.3667 29.8667 31 30.8333 30.2667 30.6667 30.1 31.7333 30.8667 31.8 30.8333 31.3333 31.7333 31.6 32.5333 31.5 31.4 30.6333 32.3333 32.0333 32.8333 32.9333 32.4333 33.3667 31.9667 32.9667 33.9333 32.2667 33.7667 33.5667 34.4 33.3333 34.9333 35.6333 35.3333 36.1667 34.8 34.9667 34.7 35.7667 35.7667 36.9667 36.2 35.8 35.2 37.3333 38.4 37.1 34.5 35 36.2 35.6333 38.8333 38.8667 38.3667 39.0667 38.9333 40.0667 38.6333 40.1333 38.9333 40.5667 39.8333 39.7667 39.9 39.0333 41.2667 40.8333 41.3 43.0667 41.3667 40.7333 42.4 42.3 41.8667 43.2333 43.1667 42.9667 42.6667 43.3 43.2 42.4667 42.0667 43.9333 43.1667 43.6333 44.3333 45.4 
27.0667 27.1 27.0333 26.1333 26.7333 28.2 27.8333 27.6 27.2333 27.1667 27.5667 27.1333 27.2333 26.3667 27.2667 26.9333 27.2667 27.6 28.1667 28.3667 27.5667 28.3 28.0667 28.9 27.8 28.3667 28.1667 28.7333 29.2333 29.6 29.4667 28.9333 28.9333 29.3333 30.1333 29.0333 30.6667 29.8667 29.6 30.9333 30.1667 28.4667 30.8333 31.8333 30.6333 29.9333 32.7333 31.5667 34.6667 31.5667 32.4 33.6 31.9 32.6 31.7333 32.9 33.9 32.5333 33.4 33.3667 33.9667 33.7333 34.8667 33.8667 34.2333 33.6667 35.0667 35.3 35.5333 36.2667 34.3667 36.5 35.5667 36.2333 36.9667 37 36.0333 34.9667 38.8333 36.7667 38.0333 38.4 38.5 38.3 38.0667 38.9 38.9 39.4 38.9333 39.5 39.5333 41 40.6 39.2 39.9333 38.9667 40.2333 40.1333 41.5 40.3667 
29.5 29.4333 27.4 28.8333 29.4333 28.1 30.5333 30.0667 30.6667 29.3667 31.8333 29.2 30.5 31.4667 31.5 31.2333 31.0667 32.4333 31.9667 31.1 32 30.3 31.3333 32.4667 31 30.5333 31.2 33.3 33.2667 34.3667 33.5667 32.6333 34.8 35.1667 34.5 34.3667 35.3667 34.8333 35.4667 33.4333 33.1333 35.1667 34.9 34.7333 36.3333 34.2 35.1 35.7333 36.9667 35.4667 36.3333 36.5333 36.6667 37.4 37.5 35.8 36.8667 36 36.7 38.1 35.4667 37.4667 36.9333 37.5 38.2333 37.6 38.9667 37.3667 38.1333 38.9 38.6667 39.3 39.2333 40.4 38.9 39.4 38.6333 39.6667 39.5 39.3667 39.3333 39.7333 39.9 40.2 39.4 40.3333 40.3667 40.7667 39.9333 40.1667 42.2333 40.9333 42.1 41.4333 40.6667 41.1667 42.5 40.9333 42.6333 40.3333 
27.6 28.1 29.1667 28.2 27.6333 27.6667 27.4667 26.7 27.6 28.4333 28.2 27.7667 28.3 28.6667 28.9333 29.8 28.4 28.3667 30.0333 29.8667 29.4667 28.4 30.0333 28.8667 30.2667 30 30.3333 29.4 29.8667 31.1333 30.4667 31.2 31.1667 31.4 31.4 31.1667 32.4 31.0333 31.8 32.7333 32.4333 31.6667 32.5667 33.9333 31.8333 33.9 33.8333 34.7667 35.2 35.6 35.1 35.6 33.6667 34.6667 36.9333 33.2 33.6667 34.8 35.6667 35.3667 37 37.0333 36.2 38.1333 37.0667 37 36.5 38.6333 37.5333 38.3 38.9667 37.6 37.3333 38.4 39.2 38.2667 38.9333 39.8333 37 39.7333 40.9333 39.8667 39.7 40.4333 41.6 40.1667 43.0333 42.9667 41.2 41.3333 41.4333 40.7333 41.7333 41.6 43.2 42.7 43.4 42.3 43.6 43.1333 
24.2 23.7 22.3333 22.7667 21.9333 23.4667 23.7667 24 24.6667 24.8 26.0333 25.5667 27.1 28.7667 24.9 27.9667 27.6 27.9333 26.1333 26.2333 28.3 29.1333 26.2 27.7 28.8333 30.5 29.8667 29.3667 32.8667 30.8333 31.0333 31.8 32.0667 30.4333 32.6333 34.3333 33.1 34.5333 33.4667 35.2 32.8667 34.1667 33.5667 33.3333 34.4667 33.8667 34.9333 34.1667 34.4 35.8333 34.1 35.5667 36.3333 36.4 35.9667 36.7667 35.9 37.1 36.7667 38.4 36.4333 37.9 37.2 37.6 38.8 37.7333 37.9333 38.9 38.4667 39.6333 39.7667 41.0333 38.6 40.2 39.5667 40.5667 41.1333 40.4 40.9667 40.1 39.5 40.1333 39.8 39.8 42.2667 41 42.0333 41.9 43.6 42.3667 41.8333 41.3 41.5 40.8 44.6333 41.5667 43.0333 41.8667 42.7333 42.0333 
30.8333 31.1 32.1333 32.0333 30.8333 32.0333 33.6 33.0333 28.2667 31.8333 33.4 32.6333 32.2 32.7333 33.5 32.5667 33.1333 34.3 31.1 33 33.6 32.9333 33.8333 33 32.8333 33.8333 33.4 34.3333 34.2333 33.7333 34.5333 36.1667 33.9333 34.9 36.2667 36.2333 35.7667 35.8333 36.3333 37.0667 35.5667 36.5 35.3 37.4333 36.3667 35.7667 36.7 38.1667 38.0667 37.8 38.5 37.3667 37.6 37.3 37.7333 37.7333 38.9667 37.3333 38.1 40.7 39.0667 39.7333 40.5667 40 39.3333 40.4667 39.2333 40.1 41.2 39.5333 41.4333 40.8 40.8667 40.8667 41.9667 41.7667 40.4667 41.2667 41.2333 40.9667 40.8 42.7 42.4 42.3333 42.5333 42.5 42.3667 42.3667 43.5 42.8667 42.6 42.3333 43.5667 43.4 43.9667 44.3667 44.0333 43.7 43.9 43.6667 
20.9333 18.7333 21.5333 21.6 19.5 22.4 21.1667 22.4333 22.4333 20.4333 22 25.6667 22.2333 26.4333 26.7667 23.9 27.1667 25 22.9667 25.1333 26.0333 26.6333 27.5 23.9667 27.0333 25.7667 26.9333 25.5333 27.1 27.2333 30.8667 27.5333 29.2 29.5333 28.5 28.6333 29.5333 30.0333 31.1 31 31.4333 30.2 31.5 32 34.4 33.2667 33.6 33.3 34.8 33.4667 34.3667 34.2667 35.9667 35.1333 34.1667 35.0333 37.0667 37 38.0667 36.4667 36.0667 36.1333 37.3667 38.4 37.4333 37.8333 37.5333 38.5667 39 38.6667 40.5 39.4667 39.0667 40.4333 38.5 40.3667 40.8333 40.5667 40.8 39.9333 40.5 41.4 41.4 41.1667 41.7 43.4333 42.3667 42.7667 42.0667 43.8 41.4333 43.5 42.4 42.9333 42.5 42.4667 43.4667 43.4 43.6667 44.6 
20.2667 21.1333 21.7333 20.5667 21.2 20.8667 21.6 22.3667 23.5 22.4333 21.7667 23.7 23 25.2333 24.8667 24.8333 24.3 23.9667 24.6 23.7667 27.4333 26.8333 26.0333 27.3333 27.0333 26.9 26.6667 27.3667 29.7667 28.5667 27.8333 29.9667 30.2333 30.4667 29.4 31.2 33.5 31.4 29.5333 31.4 32.7667 30.5333 31.8 32.0667 32.6 35.6667 31.9667 33.1 32.2 33.6667 33.2 33.7333 33.3333 35.8333 33.3333 36.5333 37.5333 36.1 36.6667 36.6 37.2667 38.4667 36.5333 38.6667 37.4 36.5667 37.7667 39 37.8667 37.0667 37.7333 37.7333 39.4333 38.2667 38.6667 39.3 38.9 38.8667 39.5667 40.7667 40.2333 39.1333 40.3667 39.9 41.0667 42.9667 40.2 42.1333 43.2 42.3 41.3 42 42.8 44.3333 43.2333 41.1333 44.1333 43.9667 45.0667 43.9667 
